i_20_1_7_FR_X
7
X
A
0
1
5
3
V
1
N
2
6
D
0.1879
0
0
0.3342
0.4379
V
2
N
3
1
7
D
0.2645
0
0.0088
0.2247
0.3835
V
3
N
4
2
8
D
0.3106
0.4508
0.0425
0
0.0454
V
4
N
5
3
9
D
0.0388
0
0.094
0.078
0.7005
V
5
N
4
10
D
0.5139
0
0
V
6
N
7
11
1
D
0.4216
0.3497
0.2287
V
7
N
8
6
12
2
D
0.7477
0
V
8
N
9
7
13
3
D
0.9679
0.0014
0.0045
0.0032
0.0114
0
V
9
N
10
8
14
4
D
0.1028
0
0
V
10
N
9
15
5
D
0.0339
0.1322
0.0282
0.0304
0.0869
0.3815
0.3069
V
11
N
12
16
6
D
0.1371
0.1804
0.4193
0.2154
0.0478
V
12
N
13
11
17
7
D
0.0253
0.1527
0.0012
0.1885
0
0.2084
V
13
N
14
12
18
8
D
0.6593
0.0797
0.0543
0
V
14
N
15
13
19
9
D
0.269
0
0
V
15
N
14
20
10
D
0.4996
0.0673
0
0
V
16
N
17
11
D
0.1192
0.1343
0
0
V
17
N
18
16
12
D
0.5279
0
0.1013
V
18
N
19
17
13
D
0.0753
0.3408
0.0224
0.0062
0
V
19
N
20
18
14
D
0.4934
0
0.0175
V
20
N
19
15
D
0.1233
0.1325
0.1156
0
