i_25_2_13_FR_X
13
X
A
0
1
8
9
A
1
1
11
3
V
1
N
2
6
D
0.4962
0.0018
0
0
V
2
N
3
1
7
D
0.9072
0.0928
V
3
N
4
2
8
D
0.0102
0.0091
0.9786
0.0008
0
V
4
N
5
3
9
D
0.6912
0
0.0023
0.2004
0.0153
V
5
N
4
10
D
0.2804
0
0.4119
V
6
N
7
11
1
D
0.0661
0
0.0187
0.8532
0.0369
V
7
N
8
6
12
2
D
0.0486
0.347
0
0
V
8
N
9
7
13
3
D
0.061
0
0.1033
V
9
N
10
8
14
4
D
0.0004
0.0822
0.002
0.0736
0.0003
0.8415
V
10
N
9
15
5
D
0.5259
0
0.0593
0.143
0.0655
V
11
N
12
16
6
D
0.1428
0.3998
0
0
0.1239
V
12
N
13
11
17
7
D
0.7001
0
0.0131
V
13
N
14
12
18
8
D
0.6014
0
0
V
14
N
15
13
19
9
D
0.5939
0
V
15
N
14
20
10
D
0.0286
0
0.6905
0
V
16
N
17
21
11
D
0.0852
0
V
17
N
18
16
22
12
D
0.2434
0.5762
0
0.0006
0.0906
V
18
N
19
17
23
13
D
0.567
0.3411
0
0.0903
V
19
N
20
18
24
14
D
0.0967
0
V
20
N
19
25
15
D
0.7967
0
V
21
N
22
16
D
0.0381
0.4637
0
0.214
V
22
N
23
21
17
D
0.3874
0
0
0.0151
0.2335
V
23
N
24
22
18
D
0.059
0
0.0744
V
24
N
25
23
19
D
0.2068
0.0004
0.3187
0.0376
0.4365
V
25
N
24
20
D
0.0083
0
0.926
