i_108_4_35_FR_orz101d
35
orz101d
A
0
7
33
35
A
1
7
25
8
A
2
7
18
25
A
3
7
20
14
V
7
N
19
D
0.8967
0
V
17
N
18
29
D
0.01129
0.98871
V
18
N
19
17
30
D
0.32384
0.48561
0.02173
0.14307
0.02575
V
19
N
20
18
31
7
D
0.08379
0
0
V
20
N
19
32
D
0.2165
0.40952
0
0.0427
0.02476
0.02716
V
29
N
30
17
D
0.13912
0.20292
0.01151
0
0.0033
V
30
N
31
29
42
18
D
0.86233
0
V
31
N
32
30
43
19
D
0.41936
0.00421
0
0
V
32
N
31
44
20
D
0.18223
0.05553
0.44763
0
0
V
42
N
43
54
30
D
0.50589
0
0.39255
V
43
N
44
42
55
31
D
0.20344
0
V
44
N
43
56
32
D
0.01191
0.58811
0
0.18801
V
54
N
55
66
42
D
0.22275
0.17934
0
0
V
55
N
56
54
67
43
D
0.10699
0.26341
0
0.33736
V
56
N
55
68
44
D
0.96191
0.03809
V
66
N
67
78
54
D
0.06499
0.14496
0.00929
0.02171
0.73612
0.02293
V
67
N
68
66
79
55
D
0.16574
0.02943
0
V
68
N
67
56
D
0.12921
0
0
0.02859
V
78
N
79
90
66
D
0.37992
0
0
V
79
N
78
91
67
D
0.03047
0
0
0
V
86
N
87
98
D
0.06162
0
0
0.04908
0.65412
V
87
N
88
86
99
D
0.18784
0.36925
0
V
88
N
89
87
100
D
0.12516
0
0
V
89
N
90
88
101
D
0.39404
0.0009
0.01123
0
0.40222
V
90
N
91
89
102
78
D
0.04089
0.17715
0.66741
0
V
91
N
90
103
79
D
0.14733
0.36419
0
0.34999
V
93
N
94
105
D
0.13751
0
0
V
94
N
95
93
D
0.16694
0.83306
V
95
N
94
D
0.32126
0.29638
0
V
98
N
99
110
86
D
0.3361
0.46999
0
0
V
99
N
100
98
111
87
D
0.27495
0.34754
0
0
V
100
N
101
99
112
88
D
0.02745
0.00068
0
0
0.0132
V
101
N
102
100
113
89
D
0.97945
0.00522
0.00556
0
V
102
N
103
101
114
90
D
0.2515
0
0.09185
0.64314
V
103
N
102
115
91
D
0.27892
0
0.11794
0
0.19188
V
105
N
117
93
D
0.23281
0.26822
0
0.06105
0
V
110
N
111
122
98
D
0.2639
0
0.65294
V
111
N
112
110
123
99
D
0.13019
0
0
V
112
N
113
111
100
D
0.01886
0.97902
0.00212
V
113
N
114
112
101
D
0.54327
0
V
114
N
115
113
126
102
D
0.26439
0.69183
0
V
115
N
114
127
103
D
0.18178
0
0
V
117
N
129
105
D
0.85163
0
0.00519
0.13602
0.00493
V
122
N
123
134
110
D
0.03882
0
0.64368
0.08178
V
123
N
122
135
111
D
0.15976
0
0
V
126
N
127
138
114
D
0.75122
0
0
V
127
N
126
139
115
D
0.21113
0
0
0
V
129
N
117
D
0.98766
0
V
134
N
135
122
D
0.21042
0.44062
0
0.1435
0.03731
V
135
N
134
123
D
0.26717
0.37133
0.01878
0
V
137
N
138
149
D
0.17375
0
0
0.23294
V
138
N
139
137
150
126
D
0.96242
0
V
139
N
138
151
127
D
0.36642
0.56853
0
0
V
142
N
154
D
0.601
0
V
148
N
149
160
D
0.00307
0.00451
0.08453
0.00144
0.73331
0.00025
0.17289
V
149
N
150
148
161
137
D
0.00191
0
0
0.00953
0.00427
V
150
N
151
149
162
138
D
0.15336
0.27479
0
0
0.20652
V
151
N
152
150
163
139
D
0.19762
0.17986
0
0.07611
0.08497
V
152
N
153
151
164
D
0.1095
0.8033
0.0872
V
153
N
154
152
165
D
0.00011
0.76398
0
0
0.14495
V
154
N
153
166
142
D
0.18211
0.03866
0
0.11139
0.02504
V
160
N
161
172
148
D
0.77793
0
0.11905
0.0013
0.00076
V
161
N
162
160
149
D
0.52573
0.13019
0
V
162
N
163
161
150
D
0.74272
0.01521
0.00983
0
V
163
N
164
162
151
D
0.31871
0
0.15865
0
V
164
N
165
163
152
D
0.27018
0
0.14914
0.13379
V
165
N
166
164
177
153
D
0.59868
0.0802
0
V
166
N
167
165
178
154
D
0.07874
0
0
0
V
167
N
166
179
D
0.13501
0
0.77796
V
171
N
172
D
0.44082
0
0.40926
0.05053
0.04515
V
172
N
171
184
160
D
0.50278
0.17473
0.05371
0
V
177
N
178
189
165
D
0.02055
0.14848
0
V
178
N
179
177
166
D
0.61129
0.31787
0
V
179
N
178
167
D
0.03511
0.11731
0
0.77686
0.01776
0.01011
V
184
N
185
196
172
D
0.07437
0
0.19035
0.00046
0
V
185
N
184
197
D
0.68533
0.00175
0.07363
0
0.01497
V
189
N
201
177
D
0.43359
0
V
196
N
197
208
184
D
0.01165
0.01529
0.80395
0.14692
0
V
197
N
196
209
185
D
0.0369
0.03091
0.00748
0.17067
0.0044
0.74964
V
200
N
201
212
D
0.29911
0.05871
0
0.36723
0.15131
0.05065
V
201
N
202
200
213
189
D
0.25507
0
0
0
V
202
N
201
D
0.57028
0
V
208
N
209
220
196
D
0.87813
0
V
209
N
210
208
221
197
D
0.17546
0.00138
0
0.11384
0.05296
0.59277
V
210
N
209
222
D
7e-05
0.00041
0.24735
0
0.04238
0.6436
V
212
N
213
224
200
D
0.22417
0.40901
0
0
V
213
N
212
225
201
D
0.84282
0
0.03265
0.02373
V
220
N
221
232
208
D
0.02372
0
0.89495
0
V
221
N
222
220
233
209
D
0.91169
0
0.0812
0
V
222
N
223
221
234
210
D
0.325
0
0
V
223
N
224
222
D
0.04582
0.44045
0.09449
0.00481
0.39198
0
V
224
N
225
223
236
212
D
0.88092
0
V
225
N
224
237
213
D
0.38808
0
0.15888
V
230
N
231
D
0.46407
0
V
231
N
232
230
243
D
0.1477
0
V
232
N
233
231
244
220
D
0.77576
0.12165
0
V
233
N
234
232
245
221
D
0.8577
0.00022
0
0
V
234
N
233
222
D
0.41746
0.10573
0
0.10114
0.02317
V
236
N
237
224
D
0.38021
0.49419
0
V
237
N
238
236
249
225
D
0.7449
0.04526
0
V
238
N
239
237
250
D
0.01429
0.98571
V
239
N
238
251
D
0.14408
0.48112
0
0
V
243
N
244
231
D
0.09306
0.13281
0
0.03418
0.72792
V
244
N
245
243
232
D
0.07913
0.25724
0
0
0.26446
V
245
N
244
233
D
0.16718
0.02368
0
0
V
249
N
250
237
D
0.28175
0
0
V
250
N
251
249
238
D
0.07948
0.18302
0.15635
0
0.48074
V
251
N
250
239
D
0.7494
0
0.22376
0.0089
