i_116_2_24_FR_arena
24
arena
A
0
14
14
7
A
1
14
15
15
V
14
N
15
26
D
0.7621
0.00322
0.03174
0.00436
0.19828
0
V
15
N
16
14
27
D
0.20376
0.30942
0
0.00953
0.04415
0.0015
V
16
N
17
15
28
D
0.6407
0
V
17
N
18
16
29
D
0.58033
0.27923
0
V
18
N
19
17
30
D
0.20262
0.5936
0
V
19
N
20
18
D
0.0053
0.7675
0
0.06999
0.15689
V
20
N
21
19
32
D
0.88469
0
V
21
N
22
20
33
D
0.84446
0.03595
0.02939
0
V
22
N
23
21
34
D
0.09756
0
V
23
N
24
22
35
D
0.59286
0
0.00045
0.0687
V
24
N
23
36
D
0.42434
0
0
0.12115
V
26
N
27
38
14
D
0.72938
0
0
V
27
N
28
26
39
15
D
0.09112
0.18696
0
V
28
N
29
27
40
16
D
0.4435
0
0
V
29
N
30
28
41
17
D
0.01205
0
0.45214
0.31779
0
V
30
N
29
42
18
D
0.75501
0
0
0.01389
V
32
N
33
44
20
D
0.38989
0
0.03851
0
V
33
N
34
32
45
21
D
0.29041
0.32671
0.10757
0.07629
0
V
34
N
35
33
46
22
D
0.00308
0
0.00333
0.00161
0.02278
0.89239
V
35
N
36
34
47
23
D
0.19368
0
0
0.32108
V
36
N
35
48
24
D
0.15122
0
0.27166
0.49628
0
V
38
N
39
50
26
D
0.49413
0
V
39
N
40
38
51
27
D
0.26804
0
0.06662
0.00903
0.4395
V
40
N
41
39
52
28
D
0.72153
0.08826
0
0.03604
V
41
N
42
40
29
D
0.84396
0
0.13747
V
42
N
43
41
54
30
D
0.0362
0.0278
0
0.01535
V
43
N
44
42
55
D
0.07917
0
0
0.51636
V
44
N
45
43
56
32
D
0.27911
0.06847
0
0
0.26759
V
45
N
46
44
33
D
0.21329
0.78671
V
46
N
47
45
58
34
D
0.7715
0
0.08859
0
V
47
N
48
46
59
35
D
0.55383
0.43724
0.00399
0.00291
0.00203
V
48
N
47
60
36
D
0.17837
0.29718
0
V
50
N
51
62
38
D
0.65295
0
0.07722
0.16183
0.04995
V
51
N
52
50
63
39
D
0.00607
0
0.10639
0.8473
V
52
N
51
64
40
D
0.09157
0.24568
0
0
V
54
N
55
66
42
D
0.05521
0
0
V
55
N
56
54
67
43
D
2e-05
0
0
V
56
N
55
68
44
D
0.16632
0.26061
0.44244
0.13063
V
58
N
59
70
46
D
0.3737
0
0.16081
0
V
59
N
60
58
71
47
D
0.95064
0
V
60
N
59
72
48
D
0.00589
0
0
0.9291
V
62
N
63
74
50
D
0.00521
0.59489
0.0499
0.22582
0
0.07249
V
63
N
64
62
75
51
D
0.00035
0
0
0.65885
0.00077
V
64
N
65
63
76
52
D
0.28403
0.34736
0
0.1698
0.07937
V
65
N
66
64
77
D
0.50541
0
0
V
66
N
67
65
78
54
D
0.00869
0.04801
0.08278
0
0.8547
V
67
N
68
66
79
55
D
0.59106
0
0.2046
V
68
N
69
67
80
56
D
0.17092
0
0
0
V
69
N
70
68
81
D
0.36921
0.05215
0.03178
0
0.54199
V
70
N
71
69
82
58
D
0.14575
0
0
0
V
71
N
72
70
83
59
D
0.01796
0
0
V
72
N
71
84
60
D
0.80187
0
V
74
N
75
86
62
D
0.52554
0.0476
0.0208
0.00056
0.4055
V
75
N
76
74
87
63
D
0.74823
0.04357
0.00026
0.06928
0.1299
0
V
76
N
77
75
88
64
D
0.07333
0
0.80684
0.1187
V
77
N
78
76
89
65
D
0.44775
0
0.33513
0.08627
0
V
78
N
79
77
90
66
D
0.89533
0
0
V
79
N
80
78
91
67
D
0.86926
0
V
80
N
81
79
92
68
D
0.76048
0
V
81
N
82
80
93
69
D
0.00926
0
0
V
82
N
83
81
94
70
D
0.32283
0
0
V
83
N
84
82
95
71
D
0.28389
0
0
0.19465
V
84
N
83
96
72
D
0.14055
0
0.09544
0
0.30612
V
86
N
87
98
74
D
0.8076
0
0
V
87
N
88
86
99
75
D
0.42639
0
0.53562
V
88
N
89
87
100
76
D
0.36548
0
0
0
V
89
N
90
88
77
D
0.94318
0
V
90
N
91
89
102
78
D
0.05347
0.01614
0.10339
0.01208
0.00903
0.80589
V
91
N
92
90
103
79
D
0.97305
0
V
92
N
93
91
104
80
D
0.03848
0.52345
0.10845
0.04638
0
V
93
N
94
92
81
D
0.01119
0.14616
0.36883
0
0
V
94
N
95
93
106
82
D
0.49697
0.05868
0.11377
0.30556
0.02502
V
95
N
96
94
107
83
D
0.56939
0
V
96
N
95
108
84
D
0.09476
0.08001
0.72205
0.00038
0.08651
0.01629
V
98
N
99
110
86
D
0.87132
0
V
99
N
100
98
111
87
D
0.73229
0
0.20494
V
100
N
99
112
88
D
0.12788
0.01636
0
0.85514
V
102
N
103
114
90
D
0.08307
0.55612
0.00417
0
0.01642
0.10472
V
103
N
104
102
115
91
D
0.52732
0
0.21673
V
104
N
103
116
92
D
0.59558
0
0.39913
0
V
106
N
107
118
94
D
0.13658
0.04374
0.31573
0.1834
0
V
107
N
108
106
119
95
D
0.8617
0
V
108
N
107
120
96
D
0.16854
0.80568
0
0
V
110
N
111
122
98
D
0.39186
0.00063
0.01158
0.00048
0.00015
0.59335
0.00195
V
111
N
112
110
123
99
D
0.01031
0
0
0.60248
V
112
N
113
111
124
100
D
0.22399
0
0.51416
0.03323
0.14094
0.06851
V
113
N
114
112
125
D
0.32687
0.02003
0
V
114
N
115
113
126
102
D
0.38511
0
0
V
115
N
116
114
127
103
D
0.9014
0.0986
V
116
N
117
115
128
104
D
0.02577
0.2152
0.08612
0
0.59207
V
117
N
118
116
129
D
0.00907
0.52302
0.46337
0
V
118
N
119
117
130
106
D
0.63815
0.31881
0
V
119
N
120
118
131
107
D
0.97665
0
V
120
N
119
132
108
D
0.44834
0
V
122
N
123
134
110
D
0.02397
0.03559
0.20353
0.73691
V
123
N
124
122
135
111
D
0.21629
0
0.1228
V
124
N
125
123
136
112
D
0.04064
0
0.48354
0.01962
V
125
N
126
124
137
113
D
0.51307
0
0.01019
0
0.1562
V
126
N
127
125
138
114
D
0.51619
0.15515
0.31524
0
V
127
N
128
126
139
115
D
0.07858
0.21789
0
V
128
N
129
127
140
116
D
0.04032
8e-05
0
0
0.01037
V
129
N
130
128
141
117
D
0.0644
0
0
0.50276
0.25073
V
130
N
131
129
142
118
D
0.9466
0
0.02168
0.00546
0.0156
V
131
N
132
130
143
119
D
0.43905
0
V
132
N
131
144
120
D
0.2996
0.47935
0
0.03738
0
V
134
N
135
122
D
0.85449
0
0.07932
V
135
N
136
134
123
D
0.4898
0.24444
0.10469
0.11352
0
V
136
N
137
135
124
D
0.03216
0.02413
0
0
0.02231
V
137
N
138
136
125
D
0.83562
0.02806
0
V
138
N
139
137
126
D
0.0401
5e-05
0
0.11698
0.00784
0.00803
V
139
N
140
138
127
D
0.54127
0
V
140
N
141
139
128
D
0.20134
0.20937
0.58929
V
141
N
142
140
129
D
0.7577
0
V
142
N
143
141
130
D
0.93586
0
V
143
N
144
142
131
D
0.41423
0.55439
0
0
0.01793
V
144
N
143
132
D
0.24379
0.74652
0
0.00396
