i_115_5_56_FR_lak515d
56
lak515d
A
0
268
38
36
A
1
268
44
3
A
2
268
29
19
A
3
268
34
9
A
4
268
53
7
V
268
N
269
296
D
0.54663
0
0
V
269
N
268
297
D
0.01721
0
V
272
N
300
D
0.21043
0
0.30881
0.20405
0.15137
V
295
N
296
323
D
0.66788
0
V
296
N
297
295
324
268
D
0.28535
0
0.33196
0.35434
V
297
N
298
296
325
269
D
0.27467
0.13961
0
0.12418
V
298
N
299
297
326
D
0.11184
0.28186
0.05176
0
0
V
299
N
300
298
327
D
0.89009
0
V
300
N
299
328
272
D
0.21137
0
V
322
N
323
350
D
0.14108
0.0144
0
0
V
323
N
324
322
351
295
D
0.47609
0
0.50857
0.00435
V
324
N
325
323
296
D
0.01432
0
0
V
325
N
326
324
353
297
D
0.87047
0
0.01551
0
0.01916
V
326
N
327
325
354
298
D
0.00589
0
0
0
V
327
N
328
326
355
299
D
0.25369
0
0.0079
0.07586
V
328
N
327
356
300
D
0.70827
0
0.14261
0.00494
0.01588
V
348
N
349
D
0.40266
0.4979
0.0012
0
0.09763
V
349
N
350
348
377
D
0.55362
0
0.28049
0.10024
V
350
N
351
349
378
322
D
0.60399
0
V
351
N
350
379
323
D
0.78905
0.18519
0.02576
V
353
N
354
381
325
D
0.67517
0.06176
0
0.21542
0.02726
V
354
N
355
353
382
326
D
0.02134
0.0046
0.01408
0
0
V
355
N
356
354
383
327
D
0.19036
0.01328
0.41304
0.36504
0
V
356
N
355
384
328
D
0.00742
0
0
0
V
377
N
378
349
D
0.22728
0
0
0.36735
V
378
N
379
377
406
350
D
0.54065
0
0
V
379
N
380
378
407
351
D
0.2483
0
0
V
380
N
381
379
408
D
0.37825
0
0
V
381
N
382
380
409
353
D
0.23062
0
0.39398
0.03615
0.09262
V
382
N
383
381
410
354
D
0.38117
0
0
V
383
N
384
382
411
355
D
0.23561
0.03568
0
0.27168
0.44368
V
384
N
385
383
412
356
D
0.0629
0.00527
0
V
385
N
384
413
D
0.62853
0.02322
0.34575
0.0025
V
406
N
407
434
378
D
0.0326
0.00419
0
0.24758
V
407
N
408
406
435
379
D
0.26412
0.25087
0.31573
0
V
408
N
409
407
436
380
D
0.0748
0.14285
0
0.07567
V
409
N
410
408
437
381
D
0.02835
0
0.85854
0.02112
0.06578
V
410
N
411
409
438
382
D
0.29361
0.48984
0.18788
0.02867
V
411
N
412
410
439
383
D
0.63377
0
V
412
N
413
411
440
384
D
0.69669
0
V
413
N
414
412
441
385
D
0.42363
0
V
414
N
415
413
442
D
0.45081
0.05659
0
0
0.01716
V
415
N
414
443
D
0.57499
0
0.18825
V
434
N
435
462
406
D
0.08419
0.01907
0
0.50151
0.35831
V
435
N
436
434
463
407
D
0.01326
0.05766
0.57096
0
0.03049
V
436
N
437
435
464
408
D
0.40644
0
0.19037
0.10782
V
437
N
438
436
465
409
D
0.63771
0.32614
0.03615
V
438
N
439
437
466
410
D
0.78326
0.19022
0
V
439
N
440
438
467
411
D
0.29852
0.00804
0
0.39109
V
440
N
441
439
468
412
D
0.81515
0
0
V
441
N
442
440
469
413
D
0.09832
0.34827
0.02444
0.43011
0.09886
V
442
N
443
441
470
414
D
3e-05
0.00022
2e-05
0
0
V
443
N
442
471
415
D
0.08808
0
0.49299
V
462
N
463
490
434
D
0.19998
0.02389
0
0
0.13821
V
463
N
464
462
491
435
D
0.00402
0
0
0.22221
V
464
N
465
463
492
436
D
0.87272
0
0
0.03226
V
465
N
466
464
493
437
D
0.00983
0.88556
0.04789
0
0.01141
V
466
N
467
465
494
438
D
0.45587
0.02223
0
0.02816
V
467
N
468
466
495
439
D
0.00158
0.70866
0.06487
0
0.04541
0.01406
V
468
N
469
467
496
440
D
0.00842
0.94977
0.03921
0.0026
V
469
N
470
468
497
441
D
0.22316
0.04445
0
0.01297
0.70526
V
470
N
471
469
498
442
D
0.12525
0
0.0986
0.04158
0.21485
0.29108
V
471
N
470
499
443
D
0.60611
0.39389
V
490
N
491
518
462
D
0.01573
0.97968
0
V
491
N
492
490
519
463
D
0.19012
0
0.73524
V
492
N
493
491
520
464
D
0.25808
0
V
493
N
494
492
521
465
D
0.08652
0
0
V
494
N
495
493
522
466
D
0.19998
0.01027
0.72284
0.06691
V
495
N
496
494
523
467
D
0.41543
0
0.20099
0.04884
0.06774
V
496
N
497
495
524
468
D
0.0254
0.05442
0
0.06401
0
V
497
N
498
496
525
469
D
0.09495
0.21972
0.42384
0
0.0568
0.03345
V
498
N
499
497
526
470
D
0.44829
0
V
499
N
498
527
471
D
0.51791
0
0.02028
0.02178
0
V
518
N
519
546
490
D
0.74116
0.25884
V
519
N
520
518
547
491
D
0.96094
0
V
520
N
521
519
548
492
D
0.2013
0.19178
0.00503
0.16804
0.27258
0
V
521
N
522
520
549
493
D
0.00304
0.25497
0.23895
0
0.32813
V
522
N
523
521
550
494
D
0.09293
0.16229
0.21707
0.52771
V
523
N
524
522
551
495
D
0.27901
0
0.04399
0.00168
0.50323
V
524
N
525
523
552
496
D
0.09839
0.00026
0.3555
0.26613
0.2779
0.00182
V
525
N
526
524
553
497
D
0.11945
0.28388
0.03576
0
0.50416
V
526
N
527
525
554
498
D
0.38031
0.00036
0
0.06174
0.20261
V
527
N
528
526
555
499
D
0.25289
0.24653
0.31281
0.13977
0
V
528
N
527
556
D
0.50903
0.07919
0
0.04068
0
V
546
N
547
518
D
3e-05
0.4871
0.00586
0
0.00176
0.5052
V
547
N
548
546
575
519
D
0.5026
0
V
548
N
549
547
520
D
0.15004
0
0.23829
0
V
549
N
550
548
521
D
0.02041
0
0
0.00377
V
550
N
551
549
522
D
0.53602
0
0.00704
0.06553
0.06569
V
551
N
552
550
579
523
D
0.01069
0.22059
0.09493
0.03075
0.56923
0.07381
V
552
N
553
551
580
524
D
0.78758
0
V
553
N
554
552
581
525
D
0.30671
0.00615
0.30071
0.2947
0.09173
V
554
N
555
553
582
526
D
0.54679
0
0
V
555
N
556
554
583
527
D
0.05677
0
0
V
556
N
557
555
584
528
D
0.1202
0.77679
0.01817
0
V
557
N
556
585
D
0.49548
0
0.4734
V
575
N
547
D
0.03325
0
0
0.09415
V
579
N
580
551
D
0.77193
0
V
580
N
581
579
608
552
D
0.09084
0.32452
0.4395
0
V
581
N
582
580
609
553
D
0.31649
0.13293
0
0.15197
0
V
582
N
583
581
610
554
D
0.00725
0
0.13331
0.63157
0
V
583
N
584
582
611
555
D
0.00033
0
0.0083
0
0.62231
V
584
N
585
583
612
556
D
0.01054
0.32766
0.13832
0.02403
0
0.47525
V
585
N
584
613
557
D
0.23112
0.02273
0
0.51788
V
608
N
609
580
D
0.9404
0.0596
V
609
N
610
608
581
D
0.32635
0.05212
0
0
V
610
N
611
609
638
582
D
0.85057
0.09027
0
V
611
N
612
610
583
D
0.5229
0
0.30464
0.04046
0.02861
V
612
N
613
611
640
584
D
0.06761
0
0.75459
0
V
613
N
614
612
641
585
D
0.98622
0
V
614
N
613
D
0.15792
0.12265
0
0.08101
0.13406
0.20368
V
638
N
610
D
0.76232
0.00226
0.17421
0
0.01528
0.01567
V
640
N
641
612
D
0.6704
0.29195
0
V
641
N
640
613
D
0.04589
0.38681
0.5673
V
670
N
D
0.01201
0.97341
0
