i_112_4_36_FR_den998d
36
den998d
A
0
18
31
3
A
1
18
27
11
A
2
18
33
18
A
3
18
19
4
V
18
N
33
D
0.00189
0.8063
0.01552
0
0.00432
0.00449
V
33
N
34
48
18
D
0.98595
0
V
34
N
35
33
D
0.00089
0
V
35
N
36
34
D
0.65442
0
V
36
N
37
35
51
D
0.23746
0
0.42212
V
37
N
38
36
52
D
0.27372
0.03077
0.17524
0
V
38
N
39
37
D
0.15463
0.02994
0.2
0.01844
0.48088
0.11611
V
39
N
40
38
54
D
0.17372
0
0.69085
0.03677
V
40
N
41
39
55
D
0.42776
0
0.45444
0.01903
0.02456
V
41
N
42
40
D
0.0905
0.12335
0
V
42
N
41
57
D
0.31603
0
0.02619
0.00082
V
48
N
63
33
D
0.80465
0
0
V
51
N
52
66
36
D
0.60615
0
0
V
52
N
51
67
37
D
0.69345
0.18448
0
0.04441
V
54
N
55
69
39
D
0.09679
0
0.08005
0.63359
V
55
N
54
70
40
D
0.01554
0
0.00332
0.014
0.29728
0.00719
V
57
N
58
72
42
D
0.03162
0.69689
0.05381
0
0.03071
V
58
N
59
57
73
D
0.28971
0.12902
0
0.04336
0.26852
V
59
N
58
74
D
0.30569
0.51003
0
V
63
N
78
48
D
0.01337
0
0.08503
V
66
N
67
81
51
D
0.12774
0
0.03026
0.02195
V
67
N
66
82
52
D
0.63205
0
0.03573
0.19283
0.03683
V
69
N
70
84
54
D
0.01001
0
0
0
V
70
N
69
85
55
D
0.66252
0.33748
V
72
N
73
87
57
D
0.15904
0.55366
0
V
73
N
74
72
88
58
D
0.31777
0
V
74
N
75
73
59
D
0.26186
0
V
75
N
74
D
0.14525
0
V
78
N
79
93
63
D
0.78337
0
0.11048
0.07368
0
V
79
N
80
78
D
0.84009
0.00731
0.13549
0.00932
0
V
80
N
81
79
D
0.28764
0.01642
0
0.55773
V
81
N
82
80
96
66
D
0.11569
0.15861
0
0.7184
V
82
N
83
81
97
67
D
0.14719
0.80968
0.00287
0
V
83
N
84
82
D
0.01698
0
V
84
N
85
83
99
69
D
0.58137
0.41863
V
85
N
86
84
100
70
D
0.06979
0
V
86
N
87
85
D
0.18178
0
0
V
87
N
88
86
102
72
D
0.49016
0
V
88
N
87
103
73
D
0.4689
0.40035
0
V
92
N
93
D
0.1967
0.57625
0
0.17376
0
V
93
N
92
108
78
D
0.7542
0
0.03701
0
0.032
V
96
N
97
111
81
D
0.04433
0.1194
0.83627
V
97
N
96
112
82
D
0.41268
0
0.52887
0.04398
V
99
N
100
114
84
D
0.00211
0.91217
0.00224
0.08348
V
100
N
99
115
85
D
0.54945
0.40136
0
V
102
N
103
87
D
0.01459
0.03928
0
0
V
103
N
104
102
118
88
D
0.11352
0.43153
0.22426
0
0.15067
V
104
N
105
103
119
D
0.92518
0.00029
0
0.0308
V
105
N
104
D
0.00667
0.89134
0
0.05949
V
108
N
123
93
D
0.07888
0.88163
0
V
111
N
112
126
96
D
0.14557
0.21181
0
V
112
N
111
97
D
0.1378
0
0.07255
V
114
N
115
129
99
D
0.10387
0
0
0.63284
0.19627
V
115
N
114
130
100
D
0.14407
0.74164
0
0.00224
V
118
N
119
133
103
D
0.64586
0.33754
0
V
119
N
118
104
D
0.077
0
0
0.00994
V
123
N
124
108
D
0.26127
0
V
124
N
125
123
D
0.4852
0.5148
V
125
N
126
124
D
0.04282
0
0
0.00937
0.26782
V
126
N
125
111
D
0.97652
0
V
129
N
130
114
D
0.04462
0.01724
0
0.01435
0.90059
V
130
N
131
129
115
D
0.15474
0.19819
0
V
131
N
132
130
D
0.5677
0
0.28589
0.07994
V
132
N
133
131
D
0.07453
0.00444
0.00477
0
0
V
133
N
132
118
D
0.35439
0.11679
0
0.42581
0
V
158
N
159
173
D
0.60437
0
V
159
N
160
158
174
D
0.33351
0
V
160
N
161
159
175
D
0.05737
0.45511
0.0089
0
0.02879
0.37137
V
161
N
160
176
D
0.26427
0.03165
0
0.15949
0
V
173
N
174
188
158
D
0.07668
0
0.63972
0
V
174
N
175
173
189
159
D
0.05441
0.0046
0.0167
0
0.8961
0.01276
V
175
N
176
174
190
160
D
0.66092
0
V
176
N
175
161
D
0.00851
0.00517
0.36955
0.07986
0.53691
V
188
N
189
173
D
0.36449
0
0.20952
0.16874
0.1223
0.11545
V
189
N
190
188
204
174
D
0.1161
0.062
0.17057
0.43638
0
V
190
N
189
175
D
0.35354
0.00852
0
V
204
N
219
189
D
0.97312
0
0
V
218
N
219
233
D
0.01411
0.52618
0
V
219
N
220
218
234
204
D
0.94479
0
V
220
N
219
235
D
0.00066
0.09252
0.05514
0.00246
0.00422
0
V
231
N
232
246
D
0.41734
0.08187
0.49703
0
V
232
N
233
231
247
D
0.35073
0.03292
0.12493
0.24209
0.16001
0
V
233
N
234
232
248
218
D
0.82302
0.09823
0.04744
0
V
234
N
235
233
249
219
D
0.1351
0.03258
0.01587
0.59531
0.04873
0.17241
V
235
N
234
250
220
D
0.89708
0.00364
0.00704
0
0.02439
0.05945
V
246
N
247
261
231
D
0.34767
0.16562
0
0.43541
0
V
247
N
248
246
262
232
D
0.63849
0.31659
0.03625
0.00867
V
248
N
249
247
263
233
D
0.13739
0
0.48507
0
V
249
N
250
248
264
234
D
0.23255
0
0
0.17685
V
250
N
249
265
235
D
0.20796
0
0.16215
0.10262
0
V
261
N
262
246
D
0.07957
0.10735
0.13873
0.00557
0
0.35515
V
262
N
263
261
277
247
D
0.11429
0
V
263
N
264
262
278
248
D
0.08723
0
0
V
264
N
265
263
279
249
D
0.0132
0.01243
0.01586
0
0.64323
V
265
N
266
264
280
250
D
0.72985
0
0.03287
V
266
N
265
281
D
0.20647
0.48796
0
0
V
275
N
D
0.2253
0
0.06074
0.01111
0.04453
V
277
N
278
292
262
D
0.00663
0.00549
0
0.20154
0.31706
0.44586
V
278
N
279
277
293
263
D
0.35056
0.12016
0
0.26321
0.14593
V
279
N
280
278
294
264
D
0.27974
0.00025
0.27782
0.25001
0
V
280
N
281
279
295
265
D
0.28054
0
V
281
N
280
266
D
0.39056
0
V
291
N
292
306
D
0.0325
0.05876
0.1425
0.01175
0
V
292
N
293
291
277
D
0.16455
0.62365
0
V
293
N
294
292
308
278
D
0.3727
0.6273
V
294
N
295
293
309
279
D
0.09838
0.79868
0
0
0.00272
V
295
N
294
310
280
D
0.00224
0.00481
0.00114
0
0.93319
0.00267
V
305
N
306
D
0.94077
0
0.05502
V
306
N
305
291
D
0.07039
0.38733
0.10223
0.20529
0.01431
0
V
308
N
309
293
D
0.29009
0
0.19917
0
V
309
N
310
308
294
D
0.00234
0
0.98926
V
310
N
309
295
D
0.61449
0.07988
0.00195
0.26718
0.03568
0
