i_116_2_30_FR_den403d
30
den403d
A
0
28
29
19
A
1
28
22
17
V
28
N
29
46
D
0.40278
0
0
V
29
N
30
28
D
0.4091
0
V
30
N
31
29
D
0.29855
0
V
31
N
32
30
D
0.55777
0
V
32
N
33
31
50
D
0.09189
0.11411
0.76631
0
V
33
N
34
32
51
D
0.23723
0
0.124
0.54501
0.0706
V
34
N
33
52
D
0.11209
0
0.49844
0
V
36
N
D
0.58342
0
0.03381
0.37982
V
46
N
64
28
D
0.76374
0.23626
V
50
N
51
68
32
D
0.46438
0
0.33786
0
V
51
N
52
50
69
33
D
0.30582
0
0
V
52
N
51
70
34
D
0.18819
0
0.2351
0.30097
V
56
N
57
74
D
0.93531
0.04176
0
V
57
N
58
56
75
D
0.81011
0
V
58
N
57
76
D
0.04234
0
0.91412
V
60
N
78
D
0.07512
0
0
0.33354
V
62
N
63
80
D
0.90176
0.09824
V
63
N
64
62
81
D
0.45516
0
V
64
N
65
63
46
D
0.13946
0
0.78447
0
V
65
N
64
D
0.53086
0
V
68
N
69
86
50
D
0.70549
0
V
69
N
70
68
51
D
0.01189
0.02189
0.90588
0.0407
0.01964
V
70
N
71
69
88
52
D
0.03703
0
0.66336
V
71
N
72
70
89
D
0.25478
0.27776
0.24007
0.11663
8e-05
0
V
72
N
71
90
D
0.02474
0
0.0113
0.04246
0.01746
V
74
N
75
92
56
D
0.54609
0
0
0.03802
V
75
N
76
74
93
57
D
0.01526
0.05825
0.00216
0.15071
0
0.74726
V
76
N
75
94
58
D
0.14444
0.16305
0
0
V
78
N
96
60
D
0.17604
0.20667
0.12116
0.07188
0.02801
0
V
80
N
81
98
62
D
0.02076
0
0.37405
0.54868
0
V
81
N
80
99
63
D
0.135
0
V
84
N
102
D
0.02006
0.59098
0.24014
0
0.08005
V
86
N
104
68
D
0.00244
0.00074
0
0.99616
2e-05
V
88
N
89
106
70
D
0.83404
0
V
89
N
90
88
107
71
D
0.62468
0
0.09759
0.25494
0.00861
V
90
N
89
108
72
D
0.01981
0
0.18074
0
V
92
N
93
110
74
D
0.04882
0
0.44238
V
93
N
94
92
111
75
D
0.01446
0.37406
0.02301
0.1468
0.10916
0
V
94
N
95
93
112
76
D
0.10915
0.14828
0.01891
0
0.42664
V
95
N
96
94
113
D
0.00673
0.11013
0.18322
0
0
V
96
N
97
95
114
78
D
0.79139
0.10527
0
V
97
N
98
96
115
D
0.46465
0.04612
0.19032
0.1351
0.16381
V
98
N
99
97
116
80
D
0.66742
0
0
V
99
N
98
117
81
D
0.02095
0
0.00091
0
V
101
N
102
119
D
0.15709
0
0.37369
0.00446
0.01273
0.41821
V
102
N
101
84
D
0.11059
0.68066
0
V
104
N
122
86
D
0.16707
0
0.31525
V
106
N
107
124
88
D
0.22215
0.08046
0.69453
0
V
107
N
108
106
125
89
D
0.35071
0.0174
0.05578
0.45271
0
V
108
N
107
90
D
0.62549
0
0
V
109
N
110
D
0.02477
0.28987
0
0
V
110
N
111
109
128
92
D
0.02412
0.49011
0.14785
0
0.01118
V
111
N
112
110
129
93
D
0.25282
0
V
112
N
113
111
130
94
D
0.01349
0
0.04829
0.039
0.28673
0.57084
V
113
N
114
112
131
95
D
0.0816
0
0.3009
0
V
114
N
115
113
132
96
D
0.02117
0.0465
0.34594
0
V
115
N
116
114
133
97
D
0.70324
0
0.1556
0
0.00183
V
116
N
117
115
134
98
D
0.08582
0.42663
0
0.37866
0.08685
V
117
N
116
135
99
D
0.53055
0.35588
0
0
V
119
N
137
101
D
0.37917
0
V
122
N
140
104
D
0.54984
0
V
124
N
125
142
106
D
0.10917
0.14654
0.59482
0
0.14401
V
125
N
124
143
107
D
0.66411
0.11378
0.21786
0
V
128
N
129
146
110
D
0.71949
0.03048
0
0.16473
0
V
129
N
130
128
147
111
D
0.62963
0
0.00025
0.03076
0
V
130
N
131
129
148
112
D
0.12275
0
0
0.69684
V
131
N
132
130
149
113
D
0.37832
0
0.12219
0.43848
V
132
N
133
131
150
114
D
0.03297
0.8774
0
V
133
N
134
132
151
115
D
0.23742
0.03793
0.59937
0.07073
0.05265
0.0019
V
134
N
135
133
152
116
D
0.33746
0
V
135
N
134
153
117
D
0.02163
0.25706
0.7198
0.00151
V
137
N
138
155
119
D
0.0103
0.59126
0.33873
0
0.02295
V
138
N
137
156
D
0.86861
0.13139
V
140
N
158
122
D
0.68921
0
0
0.09634
V
142
N
143
160
124
D
0.03955
0.02931
0
0.21095
0.27237
0.06297
V
143
N
144
142
161
125
D
0.34965
0
0.13985
V
144
N
143
162
D
0.19118
0.20553
0
0
V
146
N
147
164
128
D
0.89239
0.10761
V
147
N
148
146
165
129
D
0.47712
0.33857
0
0
V
148
N
149
147
166
130
D
0.55194
0
V
149
N
150
148
167
131
D
0.35067
0
0.43019
0
0.15817
V
150
N
151
149
168
132
D
0.34908
0.07687
0
0.24592
0
V
151
N
152
150
169
133
D
0.00125
0.03258
0.09677
0.51985
0.34249
0
V
152
N
153
151
170
134
D
0.48658
0
0.07468
0
V
153
N
152
171
135
D
0.01026
0
0.04757
0.0268
V
155
N
156
173
137
D
0.67832
0
V
156
N
155
174
138
D
0.24649
0.63978
0.02537
0.00022
0
V
158
N
176
140
D
0.46986
0.53014
V
160
N
161
178
142
D
0.24381
0.55981
0
0
V
161
N
162
160
179
143
D
0.32916
0
0.00651
V
162
N
161
144
D
0.20585
0
0
V
164
N
165
146
D
0.06529
0
0.156
0.76802
V
165
N
166
164
147
D
0.60987
0.09576
0
0.27052
0.01612
V
166
N
167
165
148
D
0.01854
0.40086
0
0.38029
0.02434
V
167
N
168
166
149
D
0.30369
0.659
0
V
168
N
169
167
150
D
0.48972
0
V
169
N
170
168
151
D
0.20183
0.75233
0
V
170
N
171
169
152
D
0.77702
0.09453
0
0.09286
V
171
N
172
170
153
D
0.94312
0
0.05047
V
172
N
173
171
190
D
0.92535
0.07465
V
173
N
174
172
155
D
0.16311
0
0.12336
0
V
174
N
173
156
D
0.04129
0.31205
0.18209
0
V
176
N
177
194
158
D
0.20207
0
0.61805
V
177
N
178
176
195
D
0.04775
0.0087
0.00097
0
0.91573
0.02428
V
178
N
179
177
196
160
D
0.84229
0.01905
0.09633
0
V
179
N
178
197
161
D
0.41475
0.09969
0
0.16014
V
190
N
208
172
D
0.00793
0.33251
0.56913
0
V
194
N
195
212
176
D
0.95536
0
V
195
N
196
194
213
177
D
0.02723
0
0
V
196
N
197
195
178
D
0.02518
0
0.59727
0
V
197
N
196
215
179
D
0.20302
0
0.32664
0
0.28048
V
208
N
190
D
0.02252
0
0.07361
0.50308
V
212
N
213
194
D
0.81956
0.11098
0
0.0273
V
213
N
212
195
D
0.38984
0.33626
0.11111
0.00841
0
V
215
N
216
197
D
0.00635
0
0.76921
0
V
216
N
215
D
0.04476
0.2787
0
0.045
0.05769
