i_121_2_38_FR_orz601d
38
orz601d
A
0
33
20
14
A
1
33
28
12
V
33
N
34
60
D
0.28787
0
0
V
34
N
33
61
D
0.02986
0.0685
0.85178
0
0
V
39
N
40
66
D
0.25488
0.02884
0
0.25696
0.03838
0.09272
V
40
N
39
67
D
0.45724
0.01097
0.4188
0.10568
0
V
45
N
46
72
D
0.1351
0.21997
0.00029
0.36506
0.09546
0.18412
V
46
N
45
73
D
0.33185
0
0.34098
0.02887
0.06526
0.13246
V
59
N
60
86
D
0.18031
0
0.2899
0.05251
0.04255
V
60
N
61
59
87
33
D
0.15637
0.0427
0
0.20781
0.37741
V
61
N
62
60
88
34
D
0.86868
0
V
62
N
61
89
D
0.0801
0
0.08427
0.14809
V
65
N
66
92
D
0.35412
0
0.00971
V
66
N
67
65
93
39
D
0.74694
0.07563
0
V
67
N
68
66
94
40
D
0.02324
0.163
0.15305
0.26129
0
0.20432
V
68
N
67
95
D
0.00173
0.6472
0
0
0.12284
V
71
N
72
98
D
0.69855
0
V
72
N
73
71
99
45
D
0.05689
0.37265
0.00573
0.01789
0.27035
0.27649
V
73
N
74
72
100
46
D
0.04691
0
0.35475
0.43349
V
74
N
73
101
D
0.39741
0.26239
0.02676
0
V
86
N
87
59
D
0.12994
0.21008
0.03514
0.05104
0.499
0
V
87
N
88
86
60
D
0.17373
0.0429
0
0.17194
0.25158
V
88
N
89
87
61
D
0.51412
0
0.01499
0.41114
V
89
N
88
62
D
0.34362
0.13316
0.00352
0.51064
0.00731
0.00175
V
92
N
93
65
D
0.12439
0.04682
0
0
V
93
N
94
92
66
D
0.19256
0.097
0
0
V
94
N
95
93
67
D
0.09202
0.35338
0
0
0.27293
V
95
N
94
68
D
0.00124
0.00016
0
0.63935
V
98
N
99
71
D
0.14975
0
0.83904
V
99
N
100
98
72
D
0.17056
0.08798
0.60137
0
V
100
N
101
99
73
D
0.15367
0.00513
0.02801
0.75986
0
V
101
N
100
74
D
0.66252
0
0.03699
0
V
111
N
112
138
D
0.23598
0
0
V
112
N
111
139
D
0.34663
0
0
V
118
N
145
D
0.48611
0
0
0.4337
V
124
N
151
D
0.35772
0
V
130
N
157
D
0.06756
0.42338
0
0
V
132
N
133
159
D
0.98826
0.00697
0
V
133
N
132
D
0.38587
0
0.00525
0.60694
V
137
N
138
164
D
0.89543
0
0.03658
0
0.00101
V
138
N
139
137
165
111
D
0.60797
0
V
139
N
138
166
112
D
0.1199
0
0.65156
V
141
N
142
168
D
0.2327
0.73959
0
V
142
N
143
141
169
D
0.61794
0
V
143
N
144
142
170
D
0.05747
0.02984
0
0.55557
0.24966
0.00477
V
144
N
145
143
171
D
0.01432
0.79468
0.00107
0
0.0709
V
145
N
146
144
172
118
D
0.60541
0
0.28053
0
0.00412
V
146
N
147
145
173
D
0.73613
0
0.01058
0.08954
V
147
N
148
146
174
D
0.4486
0
0.36907
0.08512
V
148
N
149
147
175
D
0.16991
0
0.00061
0.56642
V
149
N
150
148
176
D
0.65043
0
V
150
N
151
149
177
D
0.29312
0
0
0.36344
0.07107
V
151
N
152
150
178
124
D
0.99206
0
V
152
N
153
151
179
D
0.37419
0.62581
V
153
N
154
152
180
D
0.00196
0
0.02474
0
V
154
N
155
153
181
D
0.02307
0.49365
0
0.44623
V
155
N
156
154
182
D
0.03874
0
0
V
156
N
157
155
183
D
0.77384
0
V
157
N
158
156
184
130
D
0.81486
0
0.03422
0.08676
0.01168
V
158
N
159
157
185
D
0.49998
0
V
159
N
158
186
132
D
0.39621
0.60379
V
161
N
188
D
0.39747
0
0.52358
V
164
N
165
137
D
0.07391
0.25039
0
0.14523
0.12082
V
165
N
166
164
192
138
D
0.41902
0
V
166
N
165
193
139
D
0.29021
0
0
0.53601
V
168
N
169
195
141
D
0.30374
0
0
V
169
N
170
168
196
142
D
0.24735
0.079
0.14784
0.52581
V
170
N
171
169
197
143
D
0.15392
0.65264
0.02699
0.1107
0
V
171
N
172
170
198
144
D
0.19931
0
0.52616
0
V
172
N
173
171
199
145
D
0.1873
0
0
0.24764
V
173
N
174
172
200
146
D
0.46242
0.00037
6e-05
2e-05
0.00484
0.53229
V
174
N
175
173
201
147
D
0.78921
0
0.15233
V
175
N
176
174
202
148
D
0.71016
0.28984
V
176
N
177
175
203
149
D
0.02658
0.02575
0.61957
0
0.20803
V
177
N
178
176
204
150
D
0.25066
0
V
178
N
179
177
205
151
D
0.09323
0.82351
0.02152
0
V
179
N
180
178
206
152
D
0.50455
0.21537
0.28008
V
180
N
181
179
207
153
D
0.34256
0
0
V
181
N
182
180
208
154
D
0.02395
0
0
V
182
N
183
181
209
155
D
0.82874
0
0.01341
0.00715
0.04603
0.09907
V
183
N
184
182
210
156
D
0.63186
0
V
184
N
185
183
211
157
D
0.2132
0
0
V
185
N
186
184
212
158
D
0.05578
0.61786
0
0
V
186
N
187
185
213
159
D
0.80114
0.06432
0
0
V
187
N
188
186
214
D
0.01532
0.14217
0.38094
0.2408
0
V
188
N
187
215
161
D
0.83776
0
0
V
192
N
193
165
D
0.26228
0.17611
0.56161
V
193
N
192
166
D
0.17611
0.01491
0
0
0.07574
V
195
N
196
168
D
0.65704
0
0.27692
V
196
N
197
195
169
D
0.32234
0.42225
0.00304
0.14419
0.10812
6e-05
V
197
N
198
196
170
D
0.65826
0
0
V
198
N
199
197
171
D
0.0129
0
0
0.01032
0.88807
V
199
N
200
198
172
D
0.242
0
0
0.04701
V
200
N
201
199
173
D
0.10364
0
0.19338
0
0.10904
V
201
N
202
200
174
D
0.19612
0.58987
0
0.02954
0.14352
V
202
N
203
201
175
D
0.07192
0.0144
0.04021
0
0
V
203
N
204
202
176
D
0.01146
0.09517
0.80881
0.01362
0
0.04379
V
204
N
205
203
177
D
0.1348
0
0.12326
0
V
205
N
206
204
178
D
0.05517
0
0
0.85656
V
206
N
207
205
179
D
0.88508
0
V
207
N
208
206
180
D
0.38326
0
0.61664
1e-05
V
208
N
209
207
181
D
0.77905
0
V
209
N
210
208
182
D
0.73181
0.26819
V
210
N
211
209
183
D
0.55836
0.19164
0
0.01203
0
V
211
N
212
210
184
D
0.17667
0
0.38594
0.33199
V
212
N
213
211
185
D
0.08132
0
0
0.10928
0.61642
V
213
N
214
212
186
D
0.88987
0
V
214
N
215
213
187
D
0.33965
0
0.17423
0
V
215
N
214
188
D
0.91803
0.00814
0
0.0698
0.00016
V
248
N
249
D
0.02379
0.10795
0
0.00956
0.00839
V
249
N
250
248
276
D
0.06342
0.55356
0
0
0.33732
V
250
N
251
249
277
D
0.82646
0
V
251
N
250
278
D
0.40847
0
0.18228
0.08248
0
V
260
N
261
D
0.24942
0
0.37932
V
261
N
262
260
288
D
0.76686
0.07806
0
V
262
N
263
261
289
D
0.78741
0.01981
0
V
263
N
262
290
D
0.04374
0
0.68512
V
276
N
277
249
D
0.11953
0
0.00129
0.02282
V
277
N
278
276
250
D
0.17431
0.43632
0.18431
0
V
278
N
277
251
D
0.45876
0.54124
V
288
N
289
261
D
0.00958
0.13027
0.81945
0.02813
0.01257
V
289
N
290
288
262
D
0.05219
0.20812
0
V
290
N
289
263
D
0.00323
0.35386
0.04589
0.12101
0
0.00301
