i_120_5_52_FR_lak106d
52
lak106d
A
0
13
34
32
A
1
13
46
35
A
2
13
41
13
A
3
13
32
37
A
4
13
52
29
V
13
N
37
D
0.25547
0.20706
0.01381
0
V
34
N
35
D
0.0244
0.2363
0.00461
0.52798
0
0.05308
V
35
N
36
34
59
D
0.65237
0
0
V
36
N
37
35
60
D
0.78862
0
V
37
N
38
36
61
13
D
0.13262
0
0.0712
0
V
38
N
39
37
62
D
0.42924
0
0.00634
0.00235
0
V
39
N
40
38
63
D
0.41611
0
0.00044
0.57483
0.00373
V
40
N
39
D
0.09537
0.49901
0.05499
0
0.25152
V
59
N
60
83
35
D
0.0411
0
0.02706
V
60
N
61
59
84
36
D
0.71436
0
0
0.00738
V
61
N
62
60
85
37
D
0.15456
0
V
62
N
63
61
86
38
D
0.00222
0.03469
0.02267
0.0418
0.77089
0.12773
V
63
N
62
87
39
D
0.89432
0.10568
V
82
N
83
106
D
0.06833
0.26764
0.20931
0
0
V
83
N
84
82
107
59
D
0.93511
1e-05
0.0
4e-05
0.06477
0
V
84
N
85
83
108
60
D
0.12223
0
0.68678
0.15201
V
85
N
86
84
109
61
D
0.24151
0.05415
0.35766
0
V
86
N
87
85
110
62
D
0.03081
0.27201
0.04439
0.27873
0.07862
0.00028
0.29516
V
87
N
86
111
63
D
0.12468
0.77396
0
0.10111
V
106
N
107
82
D
0.15582
0.30529
0.09665
0.29101
0
V
107
N
108
106
131
83
D
0.04947
0.91728
0.03325
V
108
N
109
107
132
84
D
0.05879
0.00371
0.17723
0
0.03574
0.00208
V
109
N
110
108
133
85
D
0.09783
0.52022
0
0
V
110
N
111
109
134
86
D
0.41721
0
0.00882
0.05207
0.51132
V
111
N
110
87
D
0.17877
0.45506
0.2726
0.09154
0.00203
V
131
N
132
155
107
D
0.25134
0
V
132
N
133
131
156
108
D
0.20146
0
0
0.22001
V
133
N
134
132
157
109
D
0.05549
0.32371
0
0
V
134
N
133
158
110
D
0.04113
0.11307
0
0
V
136
N
D
0.58284
0
0.37414
0.03184
V
154
N
155
178
D
0.27234
0.34436
0
0.02638
0.20909
V
155
N
156
154
179
131
D
0.25607
0
V
156
N
157
155
180
132
D
0.00355
0.10294
0.00299
0
0.00065
0.00129
V
157
N
158
156
181
133
D
0.16032
0.19736
0
0.21473
V
158
N
157
182
134
D
0.09105
0.11726
0.21576
0.56866
0
0.00604
V
178
N
179
154
D
0.48213
0
0
V
179
N
180
178
203
155
D
0.91103
0
V
180
N
181
179
204
156
D
0.25522
0.11328
0.01733
0
V
181
N
182
180
205
157
D
0.13503
0
0.11975
V
182
N
183
181
206
158
D
0.48178
0
0.30391
V
183
N
182
207
D
0.0576
0.11641
0.01235
0
0.26377
0.00657
V
203
N
204
227
179
D
0.00102
0.00081
0.62571
0
0
V
204
N
205
203
228
180
D
0.56967
0
0
0.06599
V
205
N
206
204
229
181
D
0.0595
0
0.17974
0
0.00162
V
206
N
207
205
230
182
D
0.21979
0.02902
0
0.50658
0.01323
V
207
N
206
231
183
D
0.00672
0.0043
0.01001
3e-05
0.96315
0.01579
V
226
N
227
D
0.65125
0
V
227
N
228
226
251
203
D
0.19906
0
0.20756
V
228
N
229
227
252
204
D
0.00093
0
0.01134
0.11745
7e-05
0.00225
V
229
N
230
228
253
205
D
0.1503
0
0
V
230
N
231
229
254
206
D
0.02177
0.91132
0.00658
0
V
231
N
232
230
255
207
D
0.94686
0
V
232
N
231
256
D
0.14402
0.13251
0
0.19368
V
251
N
252
275
227
D
0.01474
0.00132
0.03394
0
0.00191
0.01643
V
252
N
253
251
276
228
D
0.05974
0.19909
0
V
253
N
254
252
277
229
D
0.00102
0.04428
0.09667
0.0163
0.62322
0.02617
0.19234
V
254
N
255
253
278
230
D
0.00247
0.01869
0
0
0.57107
V
255
N
256
254
279
231
D
0.52623
0.05371
0
0.06936
0.30415
V
256
N
255
280
232
D
0.06055
0
0
V
275
N
276
299
251
D
0.50478
0
0.0546
0
V
276
N
277
275
300
252
D
0.08002
0.63173
0
0.19598
V
277
N
278
276
301
253
D
0.70544
0
0.13895
V
278
N
279
277
302
254
D
0.01363
0.05641
0
0.00347
0.77908
0.14042
V
279
N
280
278
303
255
D
0.0124
0.36185
0.19643
0
0.0747
0.1462
V
280
N
279
256
D
0.20619
0.125
0.58883
0
0
V
299
N
300
323
275
D
0.11905
0
0.58363
0
0.05265
V
300
N
301
299
324
276
D
0.55442
0
V
301
N
302
300
325
277
D
0.00057
0
0
0
V
302
N
303
301
326
278
D
0.29743
0.0035
0.00073
0.04808
0.64795
0.00231
V
303
N
302
327
279
D
0.54294
0
V
322
N
323
346
D
0.87237
0.0246
0.04599
0.00196
0.05508
V
323
N
324
322
347
299
D
0.10666
0.12032
0
0.06686
0.08183
0.06735
V
324
N
325
323
348
300
D
0.01065
0
0.86296
0
V
325
N
326
324
349
301
D
0.20359
0
V
326
N
327
325
350
302
D
1e-05
6e-05
1e-05
0.75972
0.00611
0.23409
V
327
N
326
303
D
0.17886
0
0
V
344
N
368
D
0.36774
0
0
0.13974
0.40016
V
346
N
347
370
322
D
0.40506
0
0
0.09281
V
347
N
348
346
371
323
D
0.00042
0
0.97203
0.02586
V
348
N
349
347
372
324
D
0.89275
0
V
349
N
350
348
373
325
D
0.53371
0
0.22257
V
350
N
349
374
326
D
0.30185
0
V
362
N
363
D
0.84741
0
0
0
V
363
N
364
362
387
D
0.31108
0.35028
0
0
V
364
N
365
363
388
D
0.30118
0
0.01504
0.5884
0.02426
V
365
N
366
364
389
D
0.97852
0
V
366
N
367
365
390
D
0.14454
0
0
V
367
N
368
366
391
D
0.80818
0.10902
0
0.05895
V
368
N
369
367
392
344
D
0.37251
0
0
V
369
N
370
368
D
0.20001
0.23934
0
V
370
N
371
369
394
346
D
0.32043
0
V
371
N
372
370
395
347
D
0.55317
0.43589
0
0
V
372
N
373
371
396
348
D
0.06628
0.7479
0
0
V
373
N
374
372
397
349
D
0.10117
0
V
374
N
375
373
398
350
D
0.38706
0
0.06369
0.02609
0.50739
V
375
N
374
D
0.4924
0
0
0
V
387
N
388
411
363
D
0.1216
0.05227
0
0.81962
0.00222
V
388
N
389
387
412
364
D
0.03978
0.00985
0.75668
0.06786
0.12583
V
389
N
390
388
413
365
D
0.34487
0.19255
0
V
390
N
391
389
414
366
D
0.94016
0
0
V
391
N
392
390
415
367
D
0.16307
0
0
V
392
N
391
416
368
D
0.46477
0.25748
0
0
0.10117
V
394
N
395
418
370
D
0.02106
0.96528
0.01366
V
395
N
396
394
419
371
D
0.03384
0
V
396
N
397
395
420
372
D
0.2837
0.51354
0
0.03013
V
397
N
398
396
421
373
D
0.16518
0
0
0
V
398
N
397
422
374
D
0.01599
0.88804
0.00579
0.03015
0.01873
0.0413
V
411
N
412
387
D
0.28159
0
0.049
0.03906
0.31997
V
412
N
413
411
436
388
D
0.36906
0.20527
0
0.31346
0.05279
V
413
N
414
412
437
389
D
0.04022
0.13123
0.39883
0
0.00515
0.22544
V
414
N
415
413
390
D
0.078
0.23604
0.01243
0
0.62704
V
415
N
416
414
391
D
0.00894
0.52357
0
0.30656
0.11212
V
416
N
415
392
D
0.07012
0.02405
0.00073
0.03185
0
0.35066
V
418
N
419
394
D
0.023
0.31999
0
0.63236
V
419
N
420
418
395
D
0.13301
0.22744
0.34858
0
0.04635
V
420
N
421
419
396
D
0.05273
0.15554
0.02076
0
V
421
N
422
420
397
D
0.02271
0
0
0.00153
V
422
N
421
398
D
0.66676
0
0.13934
0
V
436
N
437
412
D
0.00136
0
0
0.60575
V
437
N
436
413
D
0.05368
0.01646
0.5172
0.09258
0
