i_133_2_32_FR_orz704d
32
orz704d
A
0
30
27
3
A
1
30
22
3
V
30
N
31
51
D
0.01027
0.30219
0.00459
0
0.66352
V
31
N
30
52
D
0.0819
0.00529
0
V
33
N
34
54
D
0.66342
0.09054
0.24604
V
34
N
35
33
55
D
0.12302
0
0.09406
0.04283
0.44386
0.27911
V
35
N
36
34
56
D
0.60155
0
V
36
N
37
35
57
D
0.02572
0
0
V
37
N
38
36
D
0.39049
0.06497
0.24583
0.08533
0
V
38
N
39
37
59
D
0.05485
0.38806
0
0
V
39
N
38
60
D
0.10448
0
0.69139
0
V
51
N
52
72
30
D
0.17042
0
V
52
N
53
51
73
31
D
0.24165
0.63028
0.00017
0
0.12495
V
53
N
54
52
74
D
0.1215
0
0
0.00718
V
54
N
55
53
75
33
D
0.31291
0
0
0
V
55
N
56
54
76
34
D
0.25191
0.43412
0
0.0196
V
56
N
57
55
77
35
D
0.03087
0.78008
0
0.01379
0.0108
V
57
N
56
78
36
D
0.06136
0
0.00111
0.0265
0
V
59
N
60
80
38
D
0.5294
0
V
60
N
59
81
39
D
0.37139
0
0
V
72
N
73
93
51
D
0.09883
0
0.14716
0.63446
0.09126
V
73
N
74
72
94
52
D
0.13859
0
0
V
74
N
75
73
95
53
D
0.21311
0
0
V
75
N
76
74
96
54
D
0.84364
0
0.01713
0.00955
V
76
N
77
75
97
55
D
0.18195
0.18711
0.29828
0
V
77
N
78
76
98
56
D
0.31798
0
0
V
78
N
77
99
57
D
0.02907
0.40182
0.54529
0.01491
0.00891
V
80
N
81
101
59
D
0.60026
0
0
V
81
N
82
80
102
60
D
0.0145
0.03609
0.02853
0
0.02626
V
82
N
81
103
D
0.31588
0.07391
0
0.51757
V
86
N
87
107
D
0.21182
0.06434
0
V
87
N
88
86
108
D
0.33899
0
0
0.07971
V
88
N
87
109
D
0.00609
0.97424
0.00217
0
V
90
N
91
111
D
0.47772
0
0.03706
0
V
91
N
92
90
112
D
0.3666
0.02539
0.0454
0.07033
0
V
92
N
93
91
113
D
0.60162
0
V
93
N
94
92
114
72
D
0.30579
0.03825
0
0.59319
0.01183
V
94
N
95
93
115
73
D
0.18623
0
V
95
N
96
94
116
74
D
0.1023
0
0.5215
0.33859
0.00152
0.01966
V
96
N
97
95
117
75
D
0.01784
0
0
0.39389
0.03543
V
97
N
98
96
118
76
D
0.01633
0
0
0.00056
V
98
N
99
97
119
77
D
0.02343
0
V
99
N
100
98
120
78
D
0.08265
0.02615
0
0.2043
0.00431
0.51286
V
100
N
101
99
121
D
0.18311
0
0.46073
V
101
N
102
100
122
80
D
0.61906
0
0
0.01178
V
102
N
103
101
123
81
D
0.07759
0.3133
0
0
V
103
N
104
102
124
82
D
0.09394
0
0
V
104
N
103
125
D
0.75463
0
V
107
N
108
128
86
D
0.07894
0
0
0.00054
V
108
N
109
107
129
87
D
0.33672
0.08767
0.0428
0
0.06072
V
109
N
110
108
130
88
D
0.79057
0
V
110
N
111
109
131
D
0.50041
0
0.22598
0.09487
V
111
N
112
110
132
90
D
0.73338
0
0.033
0
0.09449
V
112
N
113
111
133
91
D
0.32526
0.22965
0.00028
0.29615
0.09717
0
V
113
N
114
112
134
92
D
0.73103
0
0.23493
V
114
N
115
113
135
93
D
0.46518
0
V
115
N
116
114
136
94
D
0.79419
0.11826
0
0.0116
0.05372
V
116
N
117
115
137
95
D
0.08084
0
0.20866
0
0.13724
V
117
N
118
116
138
96
D
0.00879
0.04966
0.0022
0.02666
0.05376
0.54293
0.316
V
118
N
119
117
139
97
D
0.04875
0
0
V
119
N
120
118
140
98
D
0.67768
0.088
0
0.08849
V
120
N
121
119
141
99
D
0.94536
0
V
121
N
122
120
142
100
D
0.29716
0.01763
0
0.28733
0.22923
V
122
N
123
121
101
D
0.36002
0.09163
0
0.00496
V
123
N
124
122
102
D
0.81155
0.15042
0
0
V
124
N
125
123
145
103
D
0.01519
0.00509
0.04997
0.10446
0.03611
0.78918
V
125
N
124
146
104
D
0.58718
0
V
127
N
128
D
0.48187
0.51813
V
128
N
129
127
149
107
D
0.58891
0
V
129
N
130
128
150
108
D
0.03287
0.12856
0
0.05418
V
130
N
131
129
151
109
D
0.01308
0.04717
0
0
0.80031
V
131
N
132
130
152
110
D
0.29154
0
0
0.55101
V
132
N
133
131
153
111
D
0.09239
0
V
133
N
134
132
154
112
D
0.07912
0
0
V
134
N
135
133
155
113
D
0.46869
0
0.08004
0.24742
V
135
N
136
134
156
114
D
0.48082
0.4965
0
V
136
N
137
135
157
115
D
0.57995
0
V
137
N
138
136
158
116
D
0.87853
0
V
138
N
139
137
159
117
D
0.07812
0.03236
0
0.05916
0.15814
V
139
N
140
138
160
118
D
0.02207
0.34413
0.00015
0
0.62372
V
140
N
141
139
161
119
D
0.16859
0
0
V
141
N
142
140
162
120
D
0.00842
0.04575
0.14204
0.80313
0
V
142
N
141
163
121
D
0.00125
0
0
0.006
0.94709
V
145
N
146
166
124
D
0.20453
0
0
V
146
N
145
167
125
D
0.10569
0.05348
0.59627
0.20849
0.00134
0
V
149
N
150
128
D
0.39313
0
0
0.0117
V
150
N
151
149
129
D
0.29486
0
0.30666
0.23901
0.14314
V
151
N
152
150
130
D
0.08858
0
0.01058
0.89105
V
152
N
153
151
131
D
0.22202
0
V
153
N
154
152
132
D
0.00138
0
0.99721
0
V
154
N
155
153
133
D
0.32069
0
0.15166
0.41055
V
155
N
156
154
176
134
D
0.93355
0.06645
V
156
N
157
155
177
135
D
0.06996
0.62514
0.18474
0
V
157
N
158
156
178
136
D
0.86093
0
0
0
V
158
N
159
157
179
137
D
0.09229
0
0
0.67179
0.00354
V
159
N
160
158
180
138
D
0.17965
0.2831
0.1903
0.13715
0
V
160
N
161
159
181
139
D
0.17761
0.47612
0
0.24003
V
161
N
162
160
182
140
D
0.87452
0.01595
0.09743
0
V
162
N
163
161
183
141
D
0.93387
0
V
163
N
164
162
142
D
0.50013
0
0.02556
0
V
164
N
165
163
185
D
0.01091
0.00212
0
0.98657
0.00011
6e-05
V
165
N
166
164
186
D
0.46013
0.14168
0
0
V
166
N
167
165
187
145
D
0.16037
0.26953
0
0.06588
0.46507
V
167
N
166
146
D
0.9886
0.0114
V
176
N
177
197
155
D
0.85948
0
0
V
177
N
178
176
198
156
D
0.45845
0
0
V
178
N
179
177
199
157
D
0.41518
0.01335
0.5099
0
V
179
N
180
178
200
158
D
0.00072
0.02066
0
3e-05
0.93235
0.00015
V
180
N
181
179
201
159
D
0.46942
0.01595
0.07166
0.31279
0
V
181
N
182
180
202
160
D
0.16848
0
V
182
N
183
181
203
161
D
0.56808
0.43192
V
183
N
182
204
162
D
0.77416
0
V
185
N
186
206
164
D
0.08191
0
0
V
186
N
187
185
207
165
D
0.39386
0
0
V
187
N
186
166
D
0.0862
0
V
197
N
198
176
D
0.30241
0.01804
0.28334
0.15499
0.24122
V
198
N
199
197
219
177
D
0.28625
0.09907
0
0.60878
V
199
N
200
198
220
178
D
0.09598
0
0
V
200
N
201
199
221
179
D
0.07178
0
V
201
N
202
200
222
180
D
0.16251
0
V
202
N
203
201
223
181
D
0.31338
0.01573
0
0.39731
V
203
N
204
202
224
182
D
0.09909
0
0.04491
0.04339
0
V
204
N
203
225
183
D
0.01938
0.62237
0.35825
V
206
N
207
227
185
D
0.12611
0
0.38427
0.03878
0.02143
0.42357
V
207
N
206
228
186
D
0.00099
0.99628
0
0
V
219
N
220
198
D
0.07614
0.05927
0.61054
0.25405
V
220
N
221
219
199
D
0.64289
0.0129
0
0
V
221
N
222
220
200
D
0.29546
0
0
V
222
N
223
221
201
D
0.05665
0
0.00068
0.91855
V
223
N
224
222
202
D
0.51288
0
0
V
224
N
225
223
203
D
0.02756
0
0.12958
0.00088
0.04418
0.03586
V
225
N
226
224
204
D
0.21061
0.48247
0.16165
0.11883
0
V
226
N
227
225
D
0.82999
0.01596
0
0.11593
V
227
N
228
226
206
D
0.13578
0
0.12124
V
228
N
227
207
D
0.24926
0
0.18766
0.21851
0.07034
