i_144_3_42_FR_den203d
42
den203d
A
0
8
29
4
A
1
8
21
6
A
2
8
30
14
V
8
N
31
D
0.13987
0.84657
0.01174
0
V
30
N
31
53
D
0.31748
0.44811
0.23441
V
31
N
32
30
54
8
D
0.0329
0.06382
0
0.88973
V
32
N
31
55
D
0.60244
0.10309
0
0.18798
V
53
N
54
30
D
0.45045
0
V
54
N
55
53
77
31
D
0.3712
0.00547
0.05018
0.39887
0
V
55
N
54
78
32
D
0.39013
0.57808
0
V
77
N
78
100
54
D
0.5939
0.4061
V
78
N
77
55
D
0.18799
0.55952
0.00845
0
V
85
N
86
108
D
0.07333
0
0
V
86
N
87
85
D
0.14928
0.57968
0.06502
0.07799
0.07488
0.05315
V
87
N
88
86
110
D
0.21605
0.09109
0.08197
0
0.10533
0.18454
V
88
N
89
87
D
0.32286
0.42241
0
0.00082
0
V
89
N
90
88
D
0.40894
0.1127
0
0
V
90
N
91
89
D
0.37095
0
0.33921
0
V
91
N
92
90
D
0.69517
0.02686
0
V
92
N
91
D
0.21186
0.31225
0.28665
0
V
100
N
123
77
D
0.13825
0
0.19008
V
108
N
131
85
D
0.39462
0
0.04002
0.13619
0.00802
0.00886
V
110
N
133
87
D
0.33543
0
0
0.04608
V
117
N
118
140
D
0.12129
0.00865
0
0
V
118
N
117
D
0.04421
0.01832
0.77301
0
0.13083
V
120
N
121
D
0.45519
0
0.05181
0.29211
0.04102
V
121
N
120
144
D
0.50034
0
0
0.16466
V
123
N
146
100
D
0.28226
0
V
125
N
126
148
D
0.02931
0.27855
0
0.6868
V
126
N
125
149
D
0.94303
0.01408
0.02009
0
V
129
N
152
D
0.66069
0
V
131
N
154
108
D
0.28967
0
0.0373
0
0.01994
V
133
N
134
156
110
D
0.02519
0
V
134
N
133
157
D
0.35514
0
0
0.1991
0.41616
V
136
N
137
159
D
0.23623
0
0.01837
0
V
137
N
136
160
D
0.16086
0.21572
0
0.10089
0.0081
V
140
N
163
117
D
0.01396
0
0.49811
0.00689
0.15807
V
142
N
165
D
0.13568
0
V
144
N
167
121
D
0.23288
0.0333
0
0
V
146
N
169
123
D
0.00986
0
V
148
N
149
125
D
0.0119
0
V
149
N
150
148
172
126
D
0.27748
0.12232
0
0.0116
0.58382
V
150
N
151
149
173
D
0.35532
0.20656
0
V
151
N
152
150
174
D
0.362
0.47957
0.03976
0
V
152
N
151
175
129
D
0.07575
0
V
154
N
177
131
D
0.02983
0.59934
0
V
156
N
157
179
133
D
0.02115
0.00657
0.08356
0.41226
0.04547
0.09287
0.33812
V
157
N
158
156
180
134
D
0.01299
0
0
V
158
N
159
157
D
0.28676
0.02923
0.01258
0
0.38714
0.25913
V
159
N
160
158
182
136
D
0.38585
0.0722
0.20915
0
0
V
160
N
159
183
137
D
0.07931
0.38623
0
0.51007
V
162
N
163
D
0.06454
0.29327
0.00011
0.00482
0
V
163
N
164
162
186
140
D
0.20303
0
0
V
164
N
165
163
D
0.42795
0
0.05305
0.00827
0.04523
0.0898
V
165
N
166
164
188
142
D
0.15829
0.03763
0.16194
0.16367
0
0.39354
V
166
N
167
165
189
D
0.03076
0
0.50682
0
0.03561
V
167
N
166
190
144
D
0.99589
0
V
169
N
192
146
D
0.26801
0
V
172
N
173
195
149
D
0.09677
0.90323
V
173
N
174
172
196
150
D
0.64475
0
V
174
N
175
173
197
151
D
0.44955
0
0.11425
0
0.00522
V
175
N
174
198
152
D
0.00974
0
0.0274
0.06728
0
V
177
N
200
154
D
0.72779
0.18279
0
V
179
N
180
202
156
D
0.03579
0
0.95103
V
180
N
179
203
157
D
0.18657
0.09749
0
0.04236
0
V
182
N
183
159
D
0.41075
0
0
V
183
N
182
160
D
0.40013
0.07474
0
0
V
186
N
209
163
D
0.20044
0.09989
0.50704
0.08218
0.00311
0
V
188
N
189
211
165
D
0.27125
0
V
189
N
190
188
212
166
D
0.23036
0
V
190
N
189
213
167
D
0.00431
0.69625
0
0.00012
0.29908
V
192
N
215
169
D
0.05735
0.33632
0
0.00039
0.11545
V
194
N
195
217
D
0.03867
0.15093
0
0.59456
V
195
N
196
194
218
172
D
0.53613
0
0.08944
0.03376
0.33945
V
196
N
197
195
219
173
D
0.45088
0
0.0832
0
V
197
N
198
196
220
174
D
0.27607
0
0.00185
0.62056
0.02485
0.00323
V
198
N
197
221
175
D
0.97523
0
V
200
N
223
177
D
0.02402
0.00468
0.88527
0.08603
V
202
N
203
225
179
D
0.00391
0.00148
0
0.01993
0.96772
0.00661
V
203
N
204
202
226
180
D
0.02181
0
0.69312
0
V
204
N
203
227
D
0.09332
0
0
V
209
N
232
186
D
0.24161
0
0.30719
0.06532
V
211
N
212
234
188
D
0.12061
0.40235
0
0.08688
V
212
N
213
211
189
D
0.66871
0
0
V
213
N
214
212
236
190
D
0.06108
0.39362
0
0
0.06133
V
214
N
215
213
D
0.44632
0
0
V
215
N
214
238
192
D
0.33907
0
0.05612
0
0.43212
V
217
N
218
194
D
0.70296
0.07834
0.00132
0
0.21538
0.00067
V
218
N
219
217
195
D
0.07561
0.0738
0
0.68347
0.05103
V
219
N
220
218
242
196
D
0.02788
0.09169
0
0.56734
0.24898
V
220
N
221
219
197
D
0.69406
0.30594
V
221
N
220
198
D
0.468
0
V
223
N
246
200
D
0.00465
0
0
0
V
225
N
226
202
D
0.12958
0.23876
0
V
226
N
227
225
203
D
0.1986
0
0
0.03038
0.14669
V
227
N
226
250
204
D
0.74076
0
V
232
N
255
209
D
0.96401
0
V
234
N
257
211
D
0.37456
0
0.39325
0.01219
V
236
N
259
213
D
0.99831
0.00169
V
238
N
261
215
D
0.0503
0
0.15372
0.74887
V
242
N
265
219
D
0.42917
0
0
V
246
N
269
223
D
0.02807
0
0
0.62597
0.11572
V
250
N
227
D
0.32149
0
V
255
N
256
232
D
0.17799
0
V
256
N
257
255
D
0.53358
0
0
0
V
257
N
258
256
234
D
0.31121
0.18299
0.03629
0.24765
0
V
258
N
259
257
D
0.13751
0
V
259
N
258
236
D
0.05058
0
0
0.29228
0.2229
V
261
N
262
238
D
0.77211
0
0
V
262
N
263
261
D
0.07003
0
0
V
263
N
264
262
286
D
0.00966
0
0
V
264
N
265
263
D
0.46264
0.46382
0
V
265
N
266
264
242
D
0.13896
0.24059
0
0
0.27788
V
266
N
267
265
D
0.3632
0.40007
0.01755
0.21792
0
V
267
N
268
266
D
0.12794
0
V
268
N
269
267
D
0.00037
0.00664
0.99028
5e-05
0.00032
0
V
269
N
268
292
246
D
0.12333
0
0.11609
0
V
286
N
309
263
D
0.07185
0
0.21545
0.11195
V
292
N
315
269
D
0.1006
0
0.58703
0
V
309
N
310
332
286
D
0.33815
0
V
310
N
311
309
333
D
0.20397
0
V
311
N
312
310
334
D
0.61519
0
V
312
N
311
335
D
0.85859
0
V
315
N
338
292
D
0.97304
0
V
332
N
333
355
309
D
0.54231
0
0.05381
0.19223
0.02588
V
333
N
334
332
356
310
D
0.70765
0
0
0.10708
V
334
N
335
333
311
D
0.161
0
0
V
335
N
336
334
358
312
D
0.03636
0
0.90127
V
336
N
335
359
D
0.12218
0.77604
0.01329
0
V
338
N
361
315
D
0.52464
0.10409
0.07112
0
0.03508
V
355
N
356
378
332
D
0.01349
0.71967
0.04666
0
0.08966
V
356
N
355
379
333
D
0.17875
0
0
0.09892
V
358
N
359
335
D
0.02128
0
0.8501
0.01497
0.04349
V
359
N
358
382
336
D
0.54964
0
V
361
N
384
338
D
0.16259
0.00156
0.27634
0.04123
0
V
378
N
379
401
355
D
0.22381
0.00504
0
0.12917
0.1064
V
379
N
380
378
402
356
D
0.35189
0.1786
0.07836
0
V
380
N
379
403
D
0.00042
0.25626
0.02001
0.70698
0.01633
V
382
N
405
359
D
0.12969
0
0
0.0043
V
384
N
361
D
0.01351
0.18726
0
0
0.11958
V
401
N
402
424
378
D
0.00708
0.67638
0
0.28139
V
402
N
403
401
379
D
0.04403
0.0199
0.01032
0
0.79108
0.00011
V
403
N
404
402
380
D
0.06909
0.04343
0
0.01671
0.23609
0.38132
V
404
N
405
403
D
0.45416
0.04318
0.01427
0
0
V
405
N
404
428
382
D
0.14041
0.00963
0
0.03064
0
V
424
N
401
D
0.06874
0.77727
0
0.14363
V
428
N
405
D
0.00373
0
0
