i_155_4_36_FR_den312d
36
den312d
A
0
18
22
15
A
1
18
19
21
A
2
18
21
26
A
3
18
34
19
V
18
N
19
34
D
0.29964
0
0.48627
0
V
19
N
18
35
D
0.74079
0.00733
0
0
0.18862
V
22
N
23
38
D
0.59847
0.26971
0
V
23
N
22
39
D
0.9998
0
V
30
N
46
D
0.57016
0.05905
0.36816
0.00263
V
34
N
35
50
18
D
0.75979
0.07604
0.03306
0
0.07409
V
35
N
34
51
19
D
0.25562
0
V
38
N
39
54
22
D
0.95696
0.04304
V
39
N
40
38
55
23
D
0.08112
0.2523
0
0.36362
V
40
N
39
56
D
0.55336
0
0.18842
0.14243
0.05138
V
42
N
58
D
0.05998
0.91542
0
0
V
44
N
60
D
0.02641
0.31602
0
0.10235
0.40436
0.02345
V
46
N
47
62
30
D
0.02839
0
0.12242
0.60403
0.22252
V
47
N
48
46
63
D
0.10397
0
0
0
V
48
N
47
64
D
0.00932
0
0
0.00696
V
50
N
51
66
34
D
0.88598
0
V
51
N
52
50
35
D
0.08033
0.02533
0.00406
0
0.05485
0.31505
V
52
N
51
68
D
0.01628
0.00254
0.03343
0.13086
0
0.64659
V
54
N
55
70
38
D
0.06448
0
V
55
N
56
54
71
39
D
0.26917
0
0.13175
0
V
56
N
57
55
40
D
0.26648
0
V
57
N
58
56
D
0.16664
0.3659
0
V
58
N
59
57
42
D
0.96997
0
V
59
N
60
58
D
0.05845
0.53358
0
0.1296
0.1341
V
60
N
61
59
44
D
0.4853
0
0.03288
0
0.12603
V
61
N
62
60
D
0.19106
0.6569
0
0.03786
V
62
N
63
61
46
D
0.59251
0.4036
0
V
63
N
64
62
47
D
0.0226
0.18428
0.47149
0
V
64
N
63
48
D
0.26011
0
0.26407
0
V
66
N
82
50
D
0.59721
0
0.01638
0
V
68
N
84
52
D
0.4927
0.12389
0.38155
0.00054
0.00091
0.00041
V
70
N
71
86
54
D
0.19043
0
0
0.17758
0.41339
V
71
N
70
87
55
D
0.51521
0.15613
0
V
82
N
83
66
D
0.77153
0.22019
0
0.00578
V
83
N
84
82
D
0.08405
0.45467
0.27813
0
0.12641
V
84
N
85
83
68
D
0.40794
0.00022
0
0
0.37769
V
85
N
86
84
D
0.86001
0
V
86
N
87
85
102
70
D
0.56133
0.00083
0
0.21229
0.20206
V
87
N
88
86
103
71
D
0.29517
0
0
V
88
N
87
104
D
0.23978
0.16221
0
0
0.14121
V
90
N
106
D
0.06265
0
0
V
94
N
110
D
0.82482
0
V
102
N
103
118
86
D
0.71267
0
V
103
N
104
102
119
87
D
0.43906
0
0
0.09523
V
104
N
103
120
88
D
0.69638
0.30362
V
106
N
122
90
D
0.0484
0.3791
0
0.05233
0.23954
V
110
N
126
94
D
0.84769
0
V
118
N
119
134
102
D
0.46264
0
0
0
V
119
N
120
118
135
103
D
0.25554
0.69533
0
V
120
N
121
119
136
104
D
0.00401
0.24676
0
0.04482
0.68939
V
121
N
122
120
D
0.17973
0
0
V
122
N
123
121
106
D
0.12117
0.63924
0.07089
0.02255
0.0139
0.13225
V
123
N
124
122
D
0.22344
0.18164
0.58679
0.00813
V
124
N
125
123
D
0.06508
0.22424
0.13105
0
0.00526
0.0711
V
125
N
126
124
D
0.17664
0.00251
0
0.11513
0.61578
V
126
N
125
110
D
0.17897
0.70095
0.00233
0.11771
1e-05
3e-05
V
134
N
135
150
118
D
0.08569
0.00528
0
V
135
N
136
134
151
119
D
0.60427
0
V
136
N
135
152
120
D
0.98248
0
V
150
N
151
166
134
D
0.02587
0.52912
0.03979
0.26016
0.14506
V
151
N
152
150
167
135
D
0.20001
0
0
0.26973
V
152
N
153
151
168
136
D
0.07578
0
0.04284
0.016
0
V
153
N
152
169
D
0.46592
0
0.1303
0.02513
V
156
N
172
D
0.09415
0.02664
0.87921
V
166
N
167
182
150
D
0.07808
0
0.64322
0.08301
V
167
N
168
166
183
151
D
0.41386
0
V
168
N
169
167
184
152
D
0.01545
0
0.23464
0.0018
V
169
N
170
168
185
153
D
0.07505
0.04172
0
0.71472
0.14753
V
170
N
171
169
186
D
0.28096
0.01781
0
0
V
171
N
172
170
D
0.17956
0.2694
0
0
0.08371
V
172
N
173
171
156
D
0.04688
0.25073
0.15079
0
V
173
N
174
172
189
D
0.17217
0
0.73169
0
V
174
N
175
173
190
D
0.00938
0.07709
0.38629
0.08587
0.0189
0.42247
V
175
N
176
174
191
D
0.05924
0
0.01363
V
176
N
175
192
D
0.01268
0.06851
0.52822
0
0
V
182
N
183
166
D
0.08946
0.3497
0
0.15085
0.40969
V
183
N
184
182
167
D
0.28745
0
0.57171
V
184
N
185
183
200
168
D
0.02605
0
0.10002
0.00564
0.00133
V
185
N
186
184
169
D
0.00012
0
0.41371
0
0.03472
V
186
N
185
170
D
0.05376
0
0.3939
0.03929
0
V
189
N
190
173
D
0.21992
0
V
190
N
191
189
206
174
D
0.73512
0
0
V
191
N
192
190
175
D
0.55527
0.0071
0.13133
0.00456
0.30174
V
192
N
191
176
D
0.32655
0
V
200
N
216
184
D
0.08974
0.8678
0.02986
0
V
206
N
222
190
D
0.17594
0
0.04061
0.72731
0.01923
V
211
N
227
D
0.53167
0
0
V
213
N
229
D
0.84762
0.15238
V
215
N
216
231
D
0.55558
0
V
216
N
217
215
232
200
D
0.88784
0
0
V
217
N
216
233
D
0.64644
0.35356
V
219
N
235
D
0.10134
0
0
V
222
N
223
238
206
D
0.47762
0.33469
0
V
223
N
222
239
D
0.17218
0.74919
0
V
226
N
227
242
D
0.02883
0.06268
0.07703
0
V
227
N
228
226
211
D
0.17057
0
0
V
228
N
229
227
244
D
0.03198
0.00366
0.96006
0
0.00156
V
229
N
230
228
213
D
0.39816
0
0.18402
0.31425
V
230
N
231
229
246
D
0.22604
0
V
231
N
232
230
215
D
0.03438
0.84292
0
V
232
N
233
231
248
216
D
0.00029
0.01171
0
V
233
N
234
232
249
217
D
0.40332
0.19416
0
0.21272
0.05182
V
234
N
235
233
D
0.38691
0
0
0.04025
0.27744
V
235
N
236
234
251
219
D
0.09707
0.37582
0
V
236
N
235
D
0.21088
0
V
238
N
239
254
222
D
0.22766
0
0.01007
0
0.02119
V
239
N
238
255
223
D
0.32972
0.0073
0.01001
0
0.38256
0.00044
V
242
N
226
D
0.58266
0.0563
0
0.30017
0.00035
V
244
N
228
D
0.07148
0.23125
0.04967
0.0739
0
0.53382
V
246
N
262
230
D
0.57027
0.04974
0
V
248
N
249
232
D
0.76629
0.23371
V
249
N
248
233
D
0.95039
0
V
251
N
235
D
0.08355
0
0.14962
0.4561
0.05036
V
254
N
255
238
D
0.46591
0.11022
0
0.02511
0.02516
V
255
N
256
254
239
D
0.07757
0
0
0.09033
0.39899
V
256
N
255
D
0.51263
0
0.08712
0.03572
V
261
N
262
277
D
0.98596
0
V
262
N
263
261
278
246
D
0.756
0
0.03933
V
263
N
262
279
D
0.06185
0.64588
0
V
275
N
291
D
0.5787
0.20522
0
0.10671
0.04166
V
277
N
278
293
261
D
0.64028
0
2e-05
0.3359
0
V
278
N
279
277
294
262
D
0.30702
0.09718
0.16698
0.32427
0
0.03675
V
279
N
280
278
263
D
0.57196
0
V
280
N
281
279
296
D
0.00212
0.02384
0.05544
0
V
281
N
282
280
D
0.76383
0
V
282
N
283
281
298
D
0.21535
0.4889
0
0.19508
0.07798
V
283
N
284
282
299
D
0.91539
0
V
284
N
285
283
300
D
0.05041
0.13951
0
0
V
285
N
286
284
301
D
0.19049
0.03387
0
0.66087
0.104
V
286
N
287
285
302
D
0.40336
0
0.19905
0.35573
0.04008
V
287
N
288
286
303
D
0.75367
0
V
288
N
287
304
D
0.28944
0
0
V
291
N
307
275
D
0.06023
0
0.38793
0.41722
0
V
293
N
294
309
277
D
0.11579
0.03563
0
0.2803
0.00243
V
294
N
293
310
278
D
0.09907
0
0.70776
0
V
296
N
312
280
D
0.38497
0.03809
0.57536
0
V
298
N
299
314
282
D
3e-05
0
0.1485
0.01318
0.39088
V
299
N
300
298
315
283
D
0.55772
0
0.11444
V
300
N
301
299
316
284
D
0.71911
0
0.12213
0
V
301
N
302
300
317
285
D
0.79593
0
V
302
N
303
301
318
286
D
0.20221
0
0
V
303
N
304
302
319
287
D
0.06825
0
0.00385
0
V
304
N
303
320
288
D
0.28393
0
0
0.15824
V
307
N
308
291
D
0.47486
0.07709
0.04171
0.39576
0.01058
V
308
N
309
307
D
0.00611
0
0.23864
0.67315
V
309
N
310
308
293
D
0.25216
0.0942
0
0.06162
0.20753
V
310
N
309
294
D
0.01474
0.00505
0.08601
0.04782
0
V
312
N
296
D
0.4695
0.0231
0.41824
0
0.00108
V
314
N
315
298
D
0.20519
0
0.51599
0
0.02737
V
315
N
316
314
299
D
0.52235
0.18011
0
0.29564
V
316
N
317
315
300
D
0.06494
0
V
317
N
318
316
301
D
0.33011
0
0
0.00598
V
318
N
319
317
302
D
3e-05
7e-05
0
4e-05
0
V
319
N
320
318
303
D
0.09366
0.19322
0.35147
0
0.0659
0.01104
V
320
N
319
304
D
0.48463
0
0.1869
0
