i_15_1_13_FR_orz203d
13
orz203d
A
0
18
8
5
V
18
N
19
23
D
0.10252
0.23725
0.04842
0
0.59988
V
19
N
20
18
24
D
0.10096
0.07639
0.24382
0
V
20
N
19
25
D
0.72539
0.12047
0.07324
0
V
22
N
23
27
D
0.3641
0.12302
0
V
23
N
24
22
28
18
D
0.02539
0
0.94086
V
24
N
25
23
29
19
D
0.06872
0.35643
0
0
V
25
N
24
20
D
0.09068
0
V
27
N
28
32
22
D
0.09234
0
0.33282
V
28
N
29
27
33
23
D
0.27212
0.09931
0
0.15566
V
29
N
28
34
24
D
0.91997
0
0.07086
V
32
N
33
27
D
0.0115
0
0
0.00236
0.02836
V
33
N
34
32
38
28
D
0.00964
0
0
V
34
N
33
39
29
D
0.59897
0
V
38
N
39
33
D
0.03044
0
0.03215
0.35864
0.45086
V
39
N
38
34
D
0.09261
0
0.15762
