i_16_1_12_FR_ost102d
12
ost102d
A
0
9
6
12
V
9
N
10
16
D
0.01486
0.06555
0
0.03419
V
10
N
11
9
17
D
0.00786
0.12995
0
0
V
11
N
12
10
18
D
0.11176
0
0.28567
V
12
N
11
19
D
0.23195
0.22102
0
0.07255
V
16
N
17
9
D
0.42046
0.13278
0
0
V
17
N
18
16
24
10
D
0.00216
0
0.15814
0.00261
0.00125
0.80976
V
18
N
19
17
11
D
0.9527
0.04059
0.00031
0
0.00049
0.00065
V
19
N
20
18
26
12
D
0.81585
0
V
20
N
21
19
27
D
0.75163
0
V
21
N
20
28
D
0.54749
0
0
V
24
N
31
17
D
0.19305
0
0
V
26
N
27
33
19
D
0.02389
0.0445
0
0.1107
0.43238
V
27
N
28
26
20
D
0.18953
0.25551
0
0.02043
V
28
N
27
21
D
0.12553
0
V
31
N
24
D
0.00549
0
0.04188
0.27732
V
33
N
26
D
0.5081
0
0
