i_165_3_29_FR_isound1
29
isound1
A
0
16
21
3
A
1
16
20
6
A
2
16
17
11
V
16
N
17
30
D
0.53104
0
V
17
N
18
16
31
D
0.08832
0.13277
0.75652
0
0.00769
V
18
N
19
17
32
D
0.89953
0.09069
0
0.0015
0.00663
V
19
N
20
18
33
D
0.20101
0.79899
V
20
N
21
19
34
D
0.03778
0.06551
0
V
21
N
22
20
35
D
0.49773
0
0
V
22
N
21
36
D
0.24463
0
V
24
N
25
38
D
0.41945
0.00722
0.13445
0.40124
0
V
25
N
26
24
39
D
0.00897
0.97877
0.00201
0
0.00272
0.00211
V
26
N
27
25
40
D
0.0804
0.25701
0
0.07187
0.32196
V
27
N
28
26
41
D
0.00016
0.82815
0.02352
0.00904
0
V
28
N
27
42
D
0.78935
0
0.11619
V
30
N
31
44
16
D
0.1733
0
0
0.08762
V
31
N
32
30
45
17
D
0.09966
0
V
32
N
33
31
46
18
D
0.45778
0.11713
0
V
33
N
34
32
47
19
D
0.21444
0
0.12632
0.22644
0.0109
V
34
N
35
33
48
20
D
0.10893
0
0.05507
0
0.16373
V
35
N
36
34
49
21
D
0.80338
0
0
V
36
N
35
50
22
D
0.07624
0.01092
0
0.00831
V
38
N
39
52
24
D
0.05345
0.45186
0.11461
0.35099
0
V
39
N
40
38
53
25
D
0.21217
0.5572
0.0315
0
0.05342
V
40
N
41
39
54
26
D
0.56765
0
V
41
N
42
40
55
27
D
0.24914
0
V
42
N
41
56
28
D
0.00135
0.03011
0.00038
0.88426
0
0.08384
V
44
N
45
58
30
D
0.4438
0
0.37818
0.15791
V
45
N
46
44
59
31
D
0.5086
0.20196
0
0.18026
V
46
N
47
45
60
32
D
0.01238
0.00074
0.07847
0
0.4056
V
47
N
48
46
61
33
D
0.81443
0
V
48
N
49
47
62
34
D
0.17032
0
0.53421
0.06923
V
49
N
50
48
63
35
D
0.0369
0.00403
0
0.03835
0.22177
0.25368
V
50
N
49
64
36
D
0.16299
0
0.01464
0.41437
V
52
N
53
66
38
D
0.27487
0.00831
0.00136
0
0.00649
V
53
N
54
52
67
39
D
0.82241
0
V
54
N
55
53
68
40
D
8e-05
0.01365
0.96354
0
0
V
55
N
56
54
69
41
D
0.25796
0
0.26711
0
V
56
N
55
70
42
D
0.83171
0
V
58
N
59
72
44
D
0.0765
0.01667
0.28123
0
0.08151
V
59
N
60
58
73
45
D
0.2794
0.14542
0
0.01375
V
60
N
61
59
74
46
D
0.51895
0
0
V
61
N
62
60
75
47
D
0.39979
0.00836
0
0
0.00158
V
62
N
63
61
76
48
D
0.46444
0
V
63
N
64
62
77
49
D
0.71562
0
V
64
N
65
63
78
50
D
0.07698
0.08163
0.68653
0.0371
0.11776
V
65
N
66
64
D
0.25076
0.00096
0
0.72343
0.00458
V
66
N
67
65
80
52
D
0.43955
0.15815
0.4023
V
67
N
68
66
81
53
D
0.0371
0.06763
0
0.46058
V
68
N
69
67
82
54
D
0.70832
0.21106
0.0482
0.00528
0
V
69
N
70
68
83
55
D
0.4484
0
0
V
70
N
69
84
56
D
0.38419
0
V
72
N
73
86
58
D
0.48115
0
0
V
73
N
74
72
87
59
D
0.18007
0
V
74
N
75
73
88
60
D
0.89417
0
0.00787
0.02644
0
V
75
N
76
74
89
61
D
0.00641
0.00498
0
0.9177
0.05867
V
76
N
77
75
90
62
D
0.32453
0
0
V
77
N
78
76
91
63
D
0.8565
0
V
78
N
77
92
64
D
0.53378
0.26245
0
0.0933
V
80
N
81
94
66
D
0.0021
0
0.97948
0
V
81
N
82
80
95
67
D
0.02246
0.0028
0
0.53735
0.20915
V
82
N
83
81
96
68
D
0.11565
0
0.53665
V
83
N
84
82
97
69
D
0.76439
0.02099
0.0835
0
0
V
84
N
83
98
70
D
0.14549
0
V
86
N
87
100
72
D
0.32615
0.45562
0
0.01814
V
87
N
88
86
101
73
D
0.02503
0.01221
0.04384
0.89457
0
V
88
N
89
87
102
74
D
0.03562
0.01481
0.02026
0.30763
0.0688
0.55288
V
89
N
90
88
103
75
D
0.54975
0
0.10741
0
V
90
N
91
89
104
76
D
0.01759
0.00019
0.88999
0.00079
0.09057
0.00085
2e-05
V
91
N
92
90
105
77
D
0.44215
0.30787
0
0.23652
V
92
N
91
106
78
D
0.05408
0.0028
0.73714
0
0.12728
V
94
N
95
108
80
D
0.83432
0.02214
0.01093
0.13261
V
95
N
96
94
109
81
D
0.20809
0
0.53647
0.10664
0.14407
V
96
N
97
95
110
82
D
0.67154
0
0
V
97
N
98
96
111
83
D
0.98665
0
V
98
N
97
112
84
D
0.12483
0
V
100
N
101
114
86
D
0.55806
0
0
V
101
N
102
100
115
87
D
0.84214
0.15786
V
102
N
103
101
116
88
D
0.06935
0
0.92703
V
103
N
104
102
117
89
D
0.71073
0.128
0
V
104
N
105
103
118
90
D
0.04654
0.88433
0.04885
0.0053
0.01498
V
105
N
106
104
119
91
D
0.14238
0
0
V
106
N
105
120
92
D
0.01988
0.61106
0.15529
0.00879
0
0.0386
V
108
N
109
94
D
0.09803
0.20771
0
0.27098
V
109
N
110
108
95
D
0.23785
0.0118
0.0396
0.04302
0.0541
0.61363
V
110
N
111
109
96
D
0.23362
0.089
0
0
V
111
N
112
110
97
D
0.27153
0.29861
0
V
112
N
111
98
D
0.7647
0
V
114
N
115
128
100
D
0.13061
0
V
115
N
116
114
129
101
D
0.02807
0
0
0.0055
V
116
N
117
115
130
102
D
0.04008
0.04902
0.02199
0
0.01659
V
117
N
118
116
131
103
D
0.01675
0.05364
0.46855
0
0
V
118
N
119
117
132
104
D
0.44961
0
0.30614
V
119
N
120
118
133
105
D
0.30732
0
0.04266
0
V
120
N
119
134
106
D
0.58698
0
0.0058
V
128
N
129
142
114
D
0.17425
0
0.20973
V
129
N
130
128
143
115
D
0.74084
0.01506
0.00847
0
0.22987
V
130
N
131
129
144
116
D
0.37239
0
0.1629
V
131
N
132
130
145
117
D
0.211
0
V
132
N
133
131
146
118
D
0.41563
0
0
0
V
133
N
134
132
147
119
D
0.95804
0.04196
V
134
N
133
148
120
D
0.26814
0.00894
0
0
V
136
N
137
150
D
0.45853
0
0.03073
0
V
137
N
138
136
151
D
0.01301
0.61182
0
V
138
N
139
137
152
D
0.37874
0
0
V
139
N
140
138
153
D
0.47005
0.36977
0
V
140
N
139
154
D
0.0054
0
0.00152
0.09477
0.04981
0.59799
V
142
N
143
156
128
D
0.02614
0.87266
0
0
V
143
N
144
142
157
129
D
0.8576
0.00905
0.07404
0
V
144
N
145
143
158
130
D
0.55115
0.25914
0
V
145
N
146
144
159
131
D
0.13748
0.00132
0.84512
0
V
146
N
147
145
160
132
D
0.19376
0
0.1389
0.00514
0.03325
0.62856
V
147
N
148
146
161
133
D
0.00028
6e-05
0.24178
0.7569
0.00023
0.00075
V
148
N
147
162
134
D
0.17045
0.82843
0.0011
0
V
150
N
151
164
136
D
0.52539
0
V
151
N
152
150
165
137
D
0.85104
0.096
0
V
152
N
153
151
166
138
D
0.46524
0.53476
V
153
N
154
152
167
139
D
0.01893
0
0.02865
0.14634
0
V
154
N
153
168
140
D
0.95312
0
0
V
156
N
157
170
142
D
0.06527
0.72303
0
V
157
N
158
156
171
143
D
0.34898
0.20866
0
0.35185
V
158
N
159
157
172
144
D
0.58958
0
0.02957
0
0.0209
V
159
N
160
158
173
145
D
0.76987
0.2018
0
V
160
N
161
159
174
146
D
0.67613
0
0
V
161
N
162
160
175
147
D
0.492
0.01199
0.22818
0
0
V
162
N
161
176
148
D
0.94864
0.05136
V
164
N
165
178
150
D
0.60711
0
0
V
165
N
166
164
179
151
D
0.21317
0.08237
0
0.56952
0.10062
V
166
N
167
165
180
152
D
0.17336
0.30443
0.04936
0
V
167
N
168
166
181
153
D
0.07725
0
V
168
N
167
182
154
D
0.16165
0
0.37094
V
170
N
171
184
156
D
0.1954
0.56107
0.24353
V
171
N
172
170
185
157
D
0.62131
0
V
172
N
173
171
186
158
D
0.01151
0
0.38548
0
V
173
N
174
172
187
159
D
0.10268
0
V
174
N
175
173
188
160
D
0.07688
0.32531
0
0.58491
V
175
N
176
174
189
161
D
0.16005
0.12707
0.03195
0.28354
0
V
176
N
177
175
190
162
D
0.554
0.17252
0
0.03136
0.17548
V
177
N
178
176
D
0.07735
0
0
V
178
N
179
177
192
164
D
0.65018
0
0.03208
0.00346
0.05253
0.16441
V
179
N
180
178
193
165
D
0.24577
0
0
V
180
N
181
179
194
166
D
0.09756
0.14208
0.30381
0.0877
0.27458
0.09427
V
181
N
182
180
195
167
D
0.10265
0.3508
0
0.01461
0.00041
V
182
N
181
196
168
D
0.1755
0
0.08586
0.73224
V
184
N
185
198
170
D
0.04921
0
0.00467
0
V
185
N
186
184
199
171
D
0.13835
0.35226
0
0
0.05038
V
186
N
187
185
200
172
D
0.01031
0.01107
0
0.36083
0
V
187
N
188
186
201
173
D
0.39337
0
0.30414
0.05501
V
188
N
189
187
202
174
D
0.08112
0
0.09068
0.73758
V
189
N
190
188
203
175
D
0.22537
0.18283
0
V
190
N
189
204
176
D
0.00563
0.01342
0.32226
0.00677
0
0.34592
V
192
N
193
206
178
D
0.71887
0
0.05533
0
V
193
N
194
192
207
179
D
0.27775
0
0.00191
0.6688
V
194
N
195
193
208
180
D
0.10296
0.88858
0
V
195
N
196
194
209
181
D
0.00726
0.89341
0.09208
0
V
196
N
195
210
182
D
0.08202
0.01592
0
0
V
198
N
199
184
D
0.30228
0
0
V
199
N
200
198
185
D
0.30039
0.00803
0
0.17537
V
200
N
201
199
186
D
0.02562
0.56001
0.02114
0.07372
0
0.21366
V
201
N
202
200
187
D
0.52819
0.10822
0.1758
0.01136
0.17643
V
202
N
203
201
188
D
0.40865
0
0.00861
0
V
203
N
204
202
189
D
0.93802
0
V
204
N
203
190
D
0.44513
0.42931
0.00506
0.01071
0.10979
V
206
N
207
192
D
0.00782
0.19941
0.08218
0.00571
0.09237
0
V
207
N
208
206
193
D
0.14629
0
0
0.18899
0.16747
V
208
N
209
207
194
D
0.81096
0.00935
0
0.03298
V
209
N
210
208
195
D
0.6395
0.15891
0
V
210
N
209
196
D
0.14165
0
0.58491
0.00245
0.18733
