i_172_3_32_FR_den204d
32
den204d
A
0
28
24
22
A
1
28
18
11
A
2
28
26
30
V
28
N
44
D
0.64517
0
0
0.15044
0.06397
V
31
N
32
47
D
0.57717
0
0
V
32
N
31
48
D
0.04786
0
0.84376
0
0.0686
V
44
N
45
60
28
D
0.69308
0
0
V
45
N
46
44
D
0.00173
0.99821
0
V
46
N
47
45
D
0.09797
0.14462
0.09638
0
0.61747
0.0036
V
47
N
48
46
63
31
D
0.86973
0
0
0
V
48
N
47
64
32
D
0.50546
0
V
50
N
66
D
0.03248
0.10062
0
0.05428
0
V
52
N
68
D
0.28655
0
0
0.3802
V
56
N
57
72
D
0.01005
0
0.13166
0.00319
0.67633
0.16913
V
57
N
56
73
D
0.95718
0
0.00777
0
V
60
N
76
44
D
0.44974
0
0
0.26944
V
63
N
64
79
47
D
0.34538
0.12704
0
V
64
N
63
80
48
D
0.22534
0
0.02159
0
0.00037
V
66
N
67
82
50
D
0.24772
0
V
67
N
68
66
83
D
0.43293
0.56707
V
68
N
69
67
84
52
D
0.38587
0
0.26565
V
69
N
70
68
85
D
0.80782
0
V
70
N
71
69
86
D
0.0545
0.04901
0.87685
0.01811
0
V
71
N
72
70
87
D
0.212
0
V
72
N
73
71
88
56
D
0.00997
0.3118
0.00791
0.09462
0
0.18508
V
73
N
72
89
57
D
0.02859
0.17325
0
0.74619
V
76
N
77
92
60
D
0.02241
0
0.8969
V
77
N
78
76
93
D
0.33335
0
0.63032
V
78
N
79
77
94
D
0.8107
0
0.12618
V
79
N
80
78
95
63
D
0.4571
0
0
V
80
N
79
96
64
D
0.97894
0.02106
V
82
N
83
98
66
D
0.00398
0.00032
0.00943
0.47209
0.50872
0
V
83
N
84
82
99
67
D
0.31841
0
0.05069
0
V
84
N
85
83
100
68
D
0.04383
0
0.35119
0.3641
0.10233
V
85
N
86
84
101
69
D
0.6419
0.0056
0
0
0.00207
V
86
N
87
85
102
70
D
0.33234
0
V
87
N
88
86
103
71
D
0.0224
0.02536
0
0.95111
V
88
N
89
87
104
72
D
0.3526
0
0.04671
0.25655
0.20275
V
89
N
88
105
73
D
0.11672
0.88328
V
92
N
93
108
76
D
0.35215
0
V
93
N
94
92
77
D
0.68216
0
V
94
N
95
93
110
78
D
0.1468
0
0
0.09705
0.18974
V
95
N
96
94
79
D
0.84428
0
V
96
N
95
80
D
0.84179
0
V
98
N
99
114
82
D
0.10659
0
0.19775
0
V
99
N
100
98
115
83
D
0.02213
0
0
V
100
N
101
99
116
84
D
0.02251
0
0
V
101
N
102
100
117
85
D
0.35853
0.09038
0
0.37916
V
102
N
103
101
118
86
D
0.01791
0.06469
0.20032
0
V
103
N
104
102
119
87
D
0.66971
0
0
0
V
104
N
105
103
120
88
D
0.57052
0
V
105
N
104
121
89
D
0.05396
0.70072
0
0.15736
0.06856
0.01722
V
108
N
124
92
D
0.41037
0
V
110
N
126
94
D
0.87284
0
V
114
N
115
130
98
D
0.0129
0
0
0.06995
V
115
N
116
114
131
99
D
0.05036
0.30445
0.17854
0.35619
0.11046
V
116
N
117
115
100
D
0.01835
0
0
0.6905
V
117
N
118
116
133
101
D
0.01009
0.40963
0.42523
0.07496
0.08009
V
118
N
119
117
102
D
0.92521
0.01967
0
V
119
N
120
118
135
103
D
0.68537
0
0
0.08003
V
120
N
121
119
104
D
0.58366
0.09577
0
V
121
N
122
120
137
105
D
0.08603
0.73496
0
0
V
122
N
123
121
138
D
0.07002
0.00087
0
0.03174
0.83882
V
123
N
124
122
139
D
0.2061
0
0.05508
0.17576
0.25704
V
124
N
125
123
140
108
D
0.14623
0.02451
0
0.23254
0.03145
0.31093
V
125
N
126
124
141
D
0.20397
0
V
126
N
127
125
142
110
D
0.50833
0
0
V
127
N
128
126
143
D
0.63926
0
0.07875
0.07559
V
128
N
127
144
D
0.24059
0.07313
0
0.41796
V
130
N
131
146
114
D
0.90244
0
0
V
131
N
130
147
115
D
0.16956
0
0
0.20776
V
133
N
149
117
D
0.72703
0
0
V
135
N
151
119
D
0.05702
0
0
V
137
N
138
121
D
0.39484
0
0
0.0095
V
138
N
139
137
154
122
D
0.55807
0.04131
0.00767
0
V
139
N
140
138
155
123
D
0.12427
0.36263
0
0.30532
V
140
N
141
139
156
124
D
0.01967
0
0.51737
0.0053
0
V
141
N
142
140
125
D
0.44809
0
V
142
N
143
141
158
126
D
0.02014
0
0
V
143
N
144
142
159
127
D
0.06033
0
0
0.69663
V
144
N
143
160
128
D
0.83465
0
V
146
N
147
162
130
D
0.55043
0
0.15492
0.15464
V
147
N
148
146
163
131
D
0.1515
0
0
0.51988
0.05979
V
148
N
149
147
164
D
0.00085
0.74011
0
0.11797
0.11455
V
149
N
150
148
165
133
D
0.0364
0
0
0.00229
0.74501
V
150
N
151
149
166
D
0.47968
0.15008
0.15857
0
V
151
N
152
150
167
135
D
0.3164
0
0.21796
0.05268
0.37404
0.00894
V
152
N
151
168
D
0.07343
0.33868
0.01081
0
0
V
154
N
155
170
138
D
0.14074
0.03219
0.0473
0
V
155
N
156
154
171
139
D
0.4736
0
0.02107
0
V
156
N
155
172
140
D
0.52617
0.18646
0.18735
0.08835
0.01167
V
158
N
159
174
142
D
0.05138
0.38386
0.18194
0.32811
0.01537
0.00611
0.03323
V
159
N
160
158
175
143
D
0.15907
0.16096
0
0
V
160
N
159
176
144
D
0.5963
0.33928
0.06442
V
162
N
163
178
146
D
0.02076
0.54846
0
V
163
N
164
162
179
147
D
0.25397
0.1594
0
0.26943
V
164
N
165
163
180
148
D
0.02146
0.54475
0.02778
0
0.00168
0.22887
V
165
N
166
164
181
149
D
0.84296
0
0
V
166
N
167
165
182
150
D
0.05979
0
0.23071
0.04732
0.01247
V
167
N
168
166
183
151
D
0.56161
0.43839
V
168
N
169
167
184
152
D
0.16722
0.19236
0
V
169
N
170
168
185
D
0.00529
0.05017
0
V
170
N
171
169
186
154
D
0.28383
0.18406
0.36308
0.03732
0.13171
V
171
N
172
170
187
155
D
0.09639
0.77751
0
V
172
N
173
171
188
156
D
0.08431
0.5656
0.06846
0
0.02307
V
173
N
174
172
189
D
0.2102
0.13625
0.17691
0
0.13999
V
174
N
175
173
190
158
D
0.00051
0.9454
0.04887
0
0.00323
V
175
N
176
174
191
159
D
0.25989
0
0.72622
V
176
N
175
192
160
D
0.70991
0.10254
0
0
V
178
N
179
194
162
D
0.0191
0
V
179
N
180
178
195
163
D
0.1139
0.61867
0
0.19498
0.04064
V
180
N
181
179
196
164
D
0.3437
0.01128
0
0.63276
V
181
N
182
180
197
165
D
0.18053
0.71938
0
0.08778
V
182
N
183
181
198
166
D
0.03442
0
0.63574
V
183
N
184
182
199
167
D
0.07218
0.55883
0.02547
0
V
184
N
185
183
200
168
D
0.01846
0
0.08261
0.02227
0.74633
V
185
N
186
184
201
169
D
0.85456
0
0.07041
V
186
N
187
185
202
170
D
0.01181
0.04946
0.8518
0.00468
0.08069
0.00156
V
187
N
188
186
203
171
D
0.77913
0
0
0.10912
V
188
N
189
187
204
172
D
0.56944
0
0
V
189
N
190
188
173
D
0.28419
0.71581
V
190
N
191
189
206
174
D
0.1706
0.22473
0.29734
0.30733
V
191
N
192
190
207
175
D
0.26063
0
0.03501
0.01826
0.00217
V
192
N
191
208
176
D
0.91481
0.00145
0
0.02366
0.00551
0.05284
V
194
N
195
210
178
D
0.89536
0.06294
0.00667
0
0.02338
V
195
N
196
194
211
179
D
0.67758
0
0.19016
V
196
N
197
195
212
180
D
0.06708
0
0
0.04809
0.49703
V
197
N
198
196
213
181
D
0.17517
0.61339
0
0
0.06267
V
198
N
199
197
214
182
D
0.49096
0
V
199
N
200
198
215
183
D
0.37187
0
0.29415
0.16084
V
200
N
201
199
216
184
D
0.54315
0
V
201
N
202
200
217
185
D
0.0025
0.00405
0.00151
0.05045
0
0.06389
V
202
N
203
201
218
186
D
0.5073
0
V
203
N
204
202
219
187
D
0.29052
0
0
V
204
N
203
220
188
D
0.00564
0.02651
0.09069
0.18488
0
0.69184
V
206
N
207
222
190
D
0.45701
0.20611
0.23424
0
V
207
N
208
206
191
D
0.26247
0.73753
V
208
N
207
224
192
D
0.00879
0
V
210
N
211
226
194
D
0.00434
0.66446
0.02944
0
0.01089
V
211
N
212
210
227
195
D
0.00505
0
0.03911
0.04985
0.27508
0.60618
V
212
N
213
211
228
196
D
0.04941
0.3507
0.45497
0
0
V
213
N
214
212
229
197
D
0.19226
0.47459
0
0
V
214
N
215
213
230
198
D
0.00019
0.01025
0.03435
0.93923
0.00135
0.01463
V
215
N
216
214
231
199
D
0.67012
0
0
V
216
N
217
215
200
D
0.00093
0.04409
0.21133
0.68722
0.03232
0.02411
V
217
N
218
216
233
201
D
0.55391
0.28422
0.03074
0
V
218
N
219
217
234
202
D
0.73888
0
V
219
N
220
218
235
203
D
0.05512
0.05323
0
0.00562
0
V
220
N
221
219
236
204
D
0.00124
0.18467
0.00897
0.80145
0
V
221
N
222
220
237
D
0.69169
0.07562
0.22133
0.01136
V
222
N
221
238
206
D
0.57237
0.42763
V
224
N
208
D
0.345
0
V
226
N
227
242
210
D
0.05671
0
0.03975
0.85321
0
V
227
N
228
226
243
211
D
0.0474
0.05278
0.08851
0
0
V
228
N
229
227
244
212
D
0.01226
0
0.13226
V
229
N
230
228
245
213
D
0.58515
0
0.37617
V
230
N
231
229
246
214
D
0.5012
0
V
231
N
230
247
215
D
0.00287
0.50833
0
0.19327
0
V
233
N
234
249
217
D
0.46645
0.20186
0
0.04689
V
234
N
235
233
218
D
0.24013
0.00563
0
0.32576
V
235
N
236
234
251
219
D
0.19938
0.22693
0.18413
0
0
V
236
N
237
235
220
D
0.03039
0.0671
0
0.50138
0.1166
V
237
N
238
236
221
D
0.10475
0
0.05023
0.79746
V
238
N
239
237
254
222
D
0.89615
0
0.00089
0.09848
V
239
N
238
D
0.46515
0
V
242
N
243
226
D
0.02534
0.00213
0
0
0.4523
V
243
N
244
242
227
D
0.50626
0
V
244
N
245
243
228
D
0.25794
0
0
V
245
N
246
244
229
D
0.08795
0.06041
0.55262
0
V
246
N
247
245
230
D
0.2841
0
0
0.30906
V
247
N
248
246
231
D
0.40083
0.53596
0.001
0
V
248
N
249
247
D
0.14634
0.02651
0
0
0.80741
V
249
N
248
233
D
0.01564
0.24219
0
0.73037
V
251
N
235
D
0.67761
0.06123
0.06877
0.02101
0
V
254
N
238
D
0.04725
0.00144
0
