i_18_1_14_FR_orz106d
14
orz106d
A
0
16
8
5
V
16
N
17
22
D
0.13654
0.11975
0
0
0.58015
V
17
N
18
16
23
D
0.20198
0
0.06289
0.03448
V
18
N
17
24
D
0.43317
0
0
V
22
N
23
28
16
D
0.09239
0.07846
0
0.26189
V
23
N
24
22
29
17
D
0.81558
0
V
24
N
23
30
18
D
0.81005
0.18995
V
27
N
28
D
0.34459
0.18227
0
V
28
N
29
27
34
22
D
0.31787
0
0
0.05115
0.00074
V
29
N
30
28
23
D
0.60355
0
0
V
30
N
29
36
24
D
0.65289
0.03997
0.00072
0
0.00055
V
34
N
40
28
D
0.60724
0
0
0
V
36
N
42
30
D
0.97408
0
0.00192
0
0.00503
V
40
N
41
46
34
D
0.22494
0.08025
0.47042
0.22439
V
41
N
42
40
47
D
0.00015
0
0.68038
0.17123
0.04296
0.00141
V
42
N
41
48
36
D
0.18298
0.27747
0
0.12623
0.3208
V
46
N
47
40
D
0.02547
0
0.45736
0.00294
V
47
N
48
46
41
D
0.02352
0.03741
0
0
V
48
N
47
42
D
0.17137
0.16436
0.53687
0
