i_189_6_58_FR_lgt605d
58
lgt605d
A
0
54
58
36
A
1
54
54
31
A
2
54
47
26
A
3
54
54
19
A
4
54
47
39
A
5
54
55
36
V
54
N
81
D
0.28448
0.30701
0.00247
0.09626
0.30978
V
78
N
79
105
D
0.01214
0
0.3608
0.32626
0.00595
V
79
N
80
78
106
D
0.16123
0.30043
0
V
80
N
81
79
107
D
0.74996
0.024
0.0025
0.04383
0
V
81
N
80
108
54
D
0.06847
0.29172
0
0.00208
0
V
99
N
100
126
D
0.00173
0.64493
0.35036
0.00023
0
V
100
N
101
99
127
D
0.12075
0
V
101
N
102
100
128
D
0.37001
0.2408
0.05194
0.01066
0
V
102
N
103
101
129
D
0.14318
0
V
103
N
104
102
130
D
0.02406
0
0.66418
0.02241
V
104
N
105
103
131
D
0.5891
0.00713
0
0.01772
0.35734
V
105
N
106
104
132
78
D
0.01235
0
0.24644
V
106
N
107
105
133
79
D
0.03123
0.64479
0
V
107
N
108
106
80
D
0.00981
0.122
0
0.71909
V
108
N
107
81
D
0.04928
0
0
0.33089
0.4945
V
110
N
137
D
0.00514
0
0
2e-05
0.00372
V
115
N
116
142
D
0.09553
0.90447
V
116
N
117
115
143
D
0.40645
0.27909
0.25999
0
0.00394
V
117
N
118
116
144
D
0.03765
0
V
118
N
119
117
145
D
0.01513
0.80414
0
0.00313
0.16285
0.00715
V
119
N
120
118
146
D
0.05239
0.01508
0
0.32049
0
V
120
N
121
119
147
D
0.28767
0
0.24275
V
121
N
122
120
148
D
0.25024
0
0
0.0558
V
122
N
123
121
149
D
0.12529
0.87471
V
123
N
124
122
150
D
0.12419
0.01252
0.12346
0.00243
0
V
124
N
125
123
151
D
0.03097
0.46894
0
0.03548
0.02501
0.07947
V
125
N
126
124
152
D
0.00476
0
0.41359
0.01111
0
V
126
N
127
125
153
99
D
0.77572
0
0
V
127
N
128
126
154
100
D
0.52021
0.39317
0
V
128
N
129
127
155
101
D
0.57152
0
0.14864
0
V
129
N
130
128
156
102
D
0.91952
0
V
130
N
131
129
157
103
D
0.05456
0.94544
V
131
N
132
130
158
104
D
0.02562
0
V
132
N
133
131
159
105
D
0.07467
0.09915
0.23438
0.12107
0.06774
0
V
133
N
132
106
D
0.2471
0
0
V
137
N
138
164
110
D
0.02805
0.00166
0.01975
0
0.94724
V
138
N
139
137
165
D
0.94681
0
V
139
N
140
138
166
D
0.75404
0
V
140
N
141
139
167
D
0.00019
0.369
0
0.12792
0.00127
0.5008
V
141
N
142
140
168
D
0.28768
0
0.48395
0.02104
V
142
N
143
141
169
115
D
0.11139
0
V
143
N
144
142
170
116
D
0.03916
0.01478
0
0.62298
0.20991
0.11055
V
144
N
145
143
171
117
D
0.47499
0.17983
0
V
145
N
146
144
172
118
D
0.14554
0
0
V
146
N
147
145
173
119
D
0.2101
0
0.30801
0.37322
0.10323
V
147
N
148
146
174
120
D
0.01313
0.00172
0.95836
0
0.0031
0.02319
V
148
N
149
147
175
121
D
0.31589
0.51298
0
0.00922
0
V
149
N
150
148
176
122
D
0.13466
0.35179
0
V
150
N
151
149
177
123
D
0.52324
0
V
151
N
152
150
178
124
D
0.1074
0.1718
0
0
V
152
N
153
151
179
125
D
0.2843
0.66669
0
0.04873
V
153
N
154
152
180
126
D
0.14323
0.01957
0.81489
0.00408
0.01823
V
154
N
155
153
181
127
D
0.44599
0
0
V
155
N
156
154
182
128
D
0.59331
0
0.11768
0.14132
V
156
N
157
155
183
129
D
0.30471
0.45661
0.23202
0
V
157
N
158
156
184
130
D
0.01878
0
0.00022
0.78143
0
V
158
N
159
157
185
131
D
0.47457
0.26677
0.00232
0.0532
0.01331
0.18983
V
159
N
158
132
D
0.67461
0
V
164
N
165
137
D
0.08924
0
0.10891
0
V
165
N
166
164
138
D
0.00642
0
0.01209
0.73665
0.11206
0.1048
V
166
N
167
165
139
D
0.68099
0
0.04853
0.26717
V
167
N
168
166
194
140
D
0.18616
0.06999
0.11229
0
V
168
N
169
167
195
141
D
0.46546
0
V
169
N
170
168
196
142
D
0.00413
0.95867
0.0372
V
170
N
171
169
197
143
D
0.05761
0.08685
0
V
171
N
172
170
198
144
D
0.36553
0
0
V
172
N
173
171
199
145
D
0.04969
0.95031
V
173
N
174
172
200
146
D
0.36446
0
0
0.09181
V
174
N
175
173
201
147
D
0.37257
0
0
V
175
N
176
174
202
148
D
0.23264
0.09986
0.01963
0
0.03733
0.05601
V
176
N
177
175
203
149
D
0.1964
0
0
V
177
N
178
176
204
150
D
0.75614
0
0
0.16219
V
178
N
179
177
205
151
D
0.55161
0
0.04975
0.03011
0
V
179
N
180
178
206
152
D
0.36303
0
0
0.35056
V
180
N
181
179
207
153
D
0.32018
0.00745
0.00555
0.02724
0.61312
0.01553
0.01093
V
181
N
182
180
208
154
D
0.36318
0
0.00732
0.41496
V
182
N
183
181
209
155
D
0.14763
0
0.1004
0
0.04176
V
183
N
184
182
210
156
D
0.02619
0.30549
0
V
184
N
185
183
211
157
D
0.59604
0
0
V
185
N
184
212
158
D
0.82818
0.17182
V
194
N
195
167
D
0.00451
0.99324
0.002
0.00025
V
195
N
196
194
168
D
0.63255
0.05244
0
0.16129
V
196
N
197
195
223
169
D
0.70221
0.03213
0.21976
0
0.01876
V
197
N
198
196
224
170
D
0.08229
0
0.89693
0.00487
V
198
N
199
197
225
171
D
0.32844
0
0
0.05519
V
199
N
200
198
226
172
D
0.06133
0.71749
0.03835
0.03528
0
V
200
N
201
199
227
173
D
0.04182
0.89315
0.00663
0.00235
0
0.01318
V
201
N
202
200
228
174
D
0.78487
0
0
0.14523
V
202
N
203
201
229
175
D
0.05823
0
0.20887
0.39186
0.03103
0.05595
V
203
N
204
202
230
176
D
0.00163
0
0
2e-05
0.95829
V
204
N
205
203
231
177
D
0.0305
0.03244
0
0.03642
0.07318
0.0019
V
205
N
206
204
232
178
D
0.67699
0.06051
0
0.00601
0.00093
0.00139
V
206
N
207
205
233
179
D
0.06184
0
0.03147
V
207
N
208
206
234
180
D
0.32332
0
0.37829
0.07028
V
208
N
209
207
235
181
D
0.05033
0
0
0.36291
0.18086
V
209
N
210
208
236
182
D
0.00277
0.12497
0.00053
0
0
V
210
N
211
209
237
183
D
0.27354
0
0.30142
0
V
211
N
212
210
238
184
D
0.14329
0
V
212
N
211
185
D
0.38321
0.12066
0.14043
0
0
V
223
N
224
196
D
0.10799
0
0.51666
0.04088
0.07135
V
224
N
225
223
197
D
0.83744
0.00148
0.0148
0.14628
V
225
N
226
224
252
198
D
0.73807
0
V
226
N
227
225
253
199
D
0.5189
0.16898
0.0087
0.28006
0.00955
0.01381
V
227
N
228
226
254
200
D
0.5285
0.07252
0
0.1852
V
228
N
229
227
255
201
D
0.01866
0.0248
0.86168
0
0
V
229
N
230
228
256
202
D
0.1983
0
0.09446
0.19988
0
V
230
N
231
229
257
203
D
0.6663
0.3337
V
231
N
232
230
258
204
D
0.01393
0
0
0
V
232
N
233
231
259
205
D
0.78219
0.04717
0
V
233
N
234
232
260
206
D
0.45523
0.26201
0.07604
0
0
V
234
N
235
233
261
207
D
0.76677
0
0.02943
0
V
235
N
236
234
262
208
D
0.3392
0.22246
0
0.09197
0.24548
V
236
N
237
235
263
209
D
0.05406
0
0.03749
0.06986
0.67728
V
237
N
238
236
210
D
0.17774
0
0.03106
0
V
238
N
237
211
D
0.31767
0.16566
0
V
252
N
253
279
225
D
0.43229
0
0.01829
0
V
253
N
254
252
280
226
D
0.10073
0
0.11045
0.01261
V
254
N
255
253
281
227
D
0.00634
0.7955
0
0.06661
V
255
N
256
254
282
228
D
0.44037
0.07822
0
0
V
256
N
257
255
283
229
D
0.4056
0.1213
0
0
V
257
N
258
256
284
230
D
0.30635
0
0.22295
0.04213
0.27185
V
258
N
259
257
285
231
D
0.10103
0
0.87645
V
259
N
260
258
286
232
D
0.10709
0
V
260
N
261
259
287
233
D
0.71077
0
0.26566
0.00037
V
261
N
262
260
288
234
D
0.41825
0
V
262
N
263
261
289
235
D
0.29746
0
0
V
263
N
262
236
D
0.45005
0
0
V
279
N
280
306
252
D
0.31615
0
V
280
N
281
279
307
253
D
0.1643
0
0
V
281
N
282
280
308
254
D
0.0113
0
0.00032
0.0038
V
282
N
283
281
309
255
D
0.00105
0.96984
0
0.01566
0.0086
0.00404
V
283
N
284
282
310
256
D
0.29419
0
V
284
N
285
283
311
257
D
0.41028
0.12139
0
V
285
N
286
284
312
258
D
0.13998
0
0.37308
V
286
N
287
285
313
259
D
0.71377
0
0.03891
0.11734
0.03495
V
287
N
288
286
314
260
D
0.32383
0
0.46467
V
288
N
289
287
315
261
D
0.1068
0
0
V
289
N
288
316
262
D
0.02588
0
0.01944
0.00289
0.06055
V
306
N
307
279
D
0.24924
0
0.53779
0.1735
0
V
307
N
308
306
280
D
0.00047
0
0.02415
0.00739
0.00021
V
308
N
309
307
281
D
0.08386
0.79628
0
0
V
309
N
310
308
282
D
0.95235
0
V
310
N
311
309
337
283
D
0.35551
0
0
0.40401
V
311
N
312
310
338
284
D
0.02127
0.86981
0.07615
0.0162
0
V
312
N
313
311
339
285
D
0.24038
0
V
313
N
314
312
340
286
D
0.11447
0.06837
0.01528
0
V
314
N
315
313
341
287
D
0.0896
0.0023
0.00239
0.00452
0
V
315
N
316
314
342
288
D
0.58406
0.38658
0
V
316
N
315
343
289
D
0.00467
0.98907
0
V
337
N
338
364
310
D
0.4565
0
V
338
N
339
337
365
311
D
0.01287
0.18995
0.01051
0.05587
0.51097
0.21983
V
339
N
340
338
366
312
D
0.00091
0.00156
0
0
0.06763
V
340
N
341
339
367
313
D
0.70029
0
0.00507
0
V
341
N
342
340
368
314
D
0.26399
0.05077
0.67584
0
V
342
N
343
341
369
315
D
0.44777
0.08075
0.44538
0
0.02321
0.00011
V
343
N
342
316
D
0.0632
0.71297
0
0
V
364
N
365
391
337
D
0.67677
0.32323
V
365
N
366
364
392
338
D
0.77673
0
V
366
N
367
365
393
339
D
0.00157
0.00056
0.0008
0.00052
0.94943
0.04712
V
367
N
368
366
340
D
0.08935
0.11137
0
0
V
368
N
369
367
341
D
0.13169
0.05162
0
0.11109
0.16554
0.37289
V
369
N
368
342
D
0.1096
0
V
391
N
392
418
364
D
0.54822
0
V
392
N
393
391
419
365
D
0.19661
0
V
393
N
392
366
D
0.52321
0.20567
0.08956
0.01238
0.16918
V
417
N
418
444
D
0.73241
0.19339
0
V
418
N
419
417
445
391
D
0.93972
0.04333
0
0
V
419
N
418
446
392
D
0.1147
0
0.44437
0.26173
V
441
N
442
468
D
0.0476
0.46079
0
0.01785
0.3192
V
442
N
443
441
469
D
0.40585
0
0
V
443
N
444
442
470
D
0.25705
0
0.4082
0.1933
V
444
N
445
443
471
417
D
0.46442
0.00182
0.49497
0
V
445
N
446
444
472
418
D
0.58961
0.07287
0.01856
0
0
V
446
N
445
473
419
D
0.07939
0
0
0.4543
V
467
N
468
494
D
0.28514
0
0.05716
0.18642
0.41352
V
468
N
469
467
495
441
D
0.32037
0.67963
V
469
N
470
468
496
442
D
0.04445
0
0.06287
0.84997
V
470
N
471
469
497
443
D
0.34614
0
0.01965
0.02584
0.00523
V
471
N
472
470
498
444
D
0.71978
0
V
472
N
473
471
499
445
D
0.33641
0
0.14977
0
V
473
N
472
446
D
0.0337
0.57657
0
V
494
N
495
467
D
0.62293
0
0.01723
0.0575
0.03566
V
495
N
496
494
468
D
0.22726
0
0.03175
V
496
N
497
495
523
469
D
0.75185
0.15979
0
V
497
N
498
496
524
470
D
0.01114
0.71811
0
V
498
N
499
497
471
D
0.04547
0
0
V
499
N
498
472
D
0.01223
0
0
0.0009
V
523
N
524
496
D
0.02244
0
0.01319
0.04789
0.0186
0.73183
V
524
N
523
497
D
0.66048
0
