i_183_5_51_FR_den020d
51
den020d
A
0
30
41
14
A
1
30
40
13
A
2
30
40
50
A
3
30
39
33
A
4
30
45
24
V
30
N
52
D
0.63652
0
0.15346
0.03414
V
38
N
39
60
D
0.7118
0.2882
V
39
N
38
61
D
0.45579
0
0.51167
V
52
N
74
30
D
0.03372
0
0.20181
V
54
N
55
76
D
0.18565
0
0.00279
0
0.05105
V
55
N
56
54
77
D
0.4429
0
0
V
56
N
57
55
78
D
0.06607
0
V
57
N
58
56
79
D
0.13471
0.00223
0.21945
0.0156
0
V
58
N
59
57
80
D
0.89216
0
0
V
59
N
60
58
81
D
0.26365
0.59318
0
0
0.03721
V
60
N
61
59
82
38
D
0.61808
0.38192
V
61
N
60
83
39
D
0.30155
0
V
73
N
74
D
0.99075
0.00925
V
74
N
75
73
52
D
0.74847
0
V
75
N
76
74
D
0.28315
0.62588
0
V
76
N
77
75
54
D
0.15832
0
0
V
77
N
78
76
55
D
0.26764
0
0.13113
0.58497
0.00028
V
78
N
79
77
100
56
D
0.27215
0
0.40386
0
V
79
N
80
78
101
57
D
0.24682
0
0.09661
V
80
N
81
79
102
58
D
0.30927
0
0.21439
0.08481
0.17658
V
81
N
82
80
103
59
D
0.01168
0.09882
0
0.22096
0
V
82
N
83
81
104
60
D
0.35613
0
V
83
N
82
105
61
D
0.03017
0.11419
0.0035
0.51581
0
0.03521
V
100
N
101
78
D
0.01569
0.00066
0.67613
0
0.0384
0.01977
V
101
N
102
100
123
79
D
0.21394
0.0637
0
0.32071
V
102
N
103
101
80
D
0.24453
0
0.06534
0.38489
V
103
N
104
102
81
D
0.34109
0.00681
0.0485
0
0.36097
V
104
N
105
103
82
D
0.17094
0
0.27583
0
V
105
N
104
83
D
0.12545
0
0.70791
0.06257
V
123
N
145
101
D
0.28371
0
0
V
144
N
145
166
D
0.44895
0
V
145
N
146
144
167
123
D
0.66257
0
0
0.01797
V
146
N
145
168
D
0.1512
0
V
166
N
167
188
144
D
0.47198
0
0.39867
V
167
N
168
166
189
145
D
0.09367
0.78777
0.11374
0.00482
V
168
N
167
190
146
D
0.81488
0
V
184
N
206
D
0.01971
0.14107
0
0
V
187
N
188
209
D
0.62255
0
0
V
188
N
189
187
210
166
D
0.00531
0.25243
0.12808
0.43198
0.01141
0.0848
0.08599
V
189
N
190
188
211
167
D
0.99956
0
0.00038
V
190
N
189
212
168
D
0.9073
0
0.00998
0.01167
V
193
N
215
D
0.84207
0
V
196
N
218
D
0.72982
0.04031
0.13908
0
V
206
N
207
228
184
D
0.64628
0.06293
0.09506
0.14474
0
V
207
N
208
206
229
D
0.15659
0.15368
0
0.46849
0.21985
V
208
N
209
207
230
D
0.78273
0
V
209
N
210
208
231
187
D
0.4338
0
V
210
N
211
209
232
188
D
0.33122
0.10475
0
0.00453
0
V
211
N
212
210
233
189
D
0.40322
0.44659
0
0
V
212
N
213
211
234
190
D
0.80252
0
V
213
N
214
212
235
D
0.13512
0.15079
0.02711
0
V
214
N
215
213
236
D
0.02196
0.02494
0.79807
0
V
215
N
216
214
193
D
0.40545
0.36906
0
V
216
N
217
215
238
D
0.25039
0.60329
0
0.02761
0.09054
V
217
N
218
216
D
0.43704
0
0.05127
V
218
N
219
217
240
196
D
0.40447
0
0
0.38462
V
219
N
220
218
D
0.53057
0
0.37053
V
220
N
219
242
D
0.2952
0
0.13994
V
228
N
229
250
206
D
0.07186
0
0.20763
V
229
N
230
228
251
207
D
0.99299
0
V
230
N
231
229
252
208
D
0.37936
0
0.54456
V
231
N
232
230
253
209
D
0.73296
0.26704
V
232
N
233
231
254
210
D
0.11219
0
0.84295
V
233
N
234
232
255
211
D
0.65823
0.34177
V
234
N
235
233
256
212
D
0.29496
0
0.01228
0.2168
0
V
235
N
236
234
257
213
D
0.03902
0
0
0.13328
V
236
N
235
258
214
D
0.09201
0
0.25083
0.05074
0.60487
V
238
N
260
216
D
0.19876
0
0.31989
0.00084
0
V
240
N
262
218
D
0.01274
0
0
V
242
N
264
220
D
0.51746
0.21621
0
0.11168
0
V
250
N
251
272
228
D
0.26046
0
0.58239
V
251
N
252
250
273
229
D
0.93572
0
V
252
N
253
251
274
230
D
0.14574
0
0
0.49195
0.00304
V
253
N
254
252
275
231
D
0.03481
0.02313
0
V
254
N
255
253
276
232
D
0.73115
0
V
255
N
256
254
277
233
D
0.03545
0.00387
0
0.26557
0
V
256
N
257
255
278
234
D
0.3994
0.52588
0
V
257
N
258
256
279
235
D
0.00582
0.28038
0.59078
0.00021
0.12281
V
258
N
259
257
280
236
D
0.34364
0
0
V
259
N
260
258
281
D
0.26773
0.58546
0
0.01045
V
260
N
261
259
282
238
D
0.71828
0
0
0.22966
0.00056
V
261
N
262
260
283
D
0.02584
0.01135
0
0.94042
V
262
N
263
261
284
240
D
0.80991
0.06008
0
V
263
N
264
262
285
D
0.05905
0
0.00572
0
0.02482
V
264
N
263
286
242
D
0.28559
0
V
272
N
273
294
250
D
0.23011
0
0
0.72989
V
273
N
274
272
251
D
0.22734
0
0.75773
0
V
274
N
275
273
252
D
0.00888
0.42167
0
0.06516
V
275
N
276
274
297
253
D
0.9817
0
V
276
N
277
275
298
254
D
0.0322
0
0
V
277
N
278
276
299
255
D
0.61917
0.09593
0.16186
0
V
278
N
279
277
300
256
D
0.23235
0.37564
0.06297
0
0.19987
V
279
N
280
278
257
D
0.22296
0.22619
0.14399
0
0.29688
V
280
N
281
279
302
258
D
0.67289
0.01563
0.05932
0
V
281
N
282
280
303
259
D
0.16932
0
V
282
N
283
281
260
D
0.00669
0
0.03196
0
0.05949
V
283
N
284
282
305
261
D
0.832
0
V
284
N
285
283
262
D
0.11714
0.02725
0.0109
0
V
285
N
286
284
307
263
D
0.0237
0
0.45712
V
286
N
285
264
D
0.99936
0
V
294
N
316
272
D
0.57748
0
0
V
297
N
298
319
275
D
0.02545
0.66653
0
0
V
298
N
299
297
320
276
D
0.13682
0
0
V
299
N
300
298
321
277
D
0.01932
0
0.43459
0.49601
V
300
N
299
278
D
0.19927
0
0.27249
V
302
N
303
280
D
0.7089
0
V
303
N
302
325
281
D
0.12863
0
0
0.02923
0.09583
V
305
N
283
D
0.04418
0
0.84397
0.04187
0.06968
V
307
N
285
D
0.02549
0
0
0.41538
V
314
N
315
336
D
0.15254
0.16663
0
V
315
N
316
314
337
D
0.64952
0
V
316
N
317
315
338
294
D
0.23115
0.06767
0
0.65088
0
V
317
N
318
316
339
D
0.30469
0.24191
0.02072
0
V
318
N
319
317
340
D
0.01091
0.48077
0
0.00487
0.33481
V
319
N
320
318
341
297
D
0.63915
0.25493
0.04318
0.01076
0.05198
V
320
N
321
319
342
298
D
0.08653
0.25073
0
0.59542
V
321
N
320
299
D
0.12522
0
0
0
V
325
N
303
D
0.23822
0
0
V
328
N
D
0.01358
0.01502
0
0.16283
V
336
N
337
314
D
0.0215
0.10711
0
0.0111
0.16463
0.51564
V
337
N
338
336
315
D
0.74782
0
0
V
338
N
339
337
316
D
0.05351
0.64226
0.09968
0.20455
V
339
N
340
338
317
D
0.03529
0.1811
0.39178
0
0.18013
0.02155
V
340
N
341
339
318
D
0.05856
0
0.01124
0.65466
0.2599
V
341
N
342
340
319
D
0.00786
0
0
V
342
N
341
364
320
D
0.01247
0
0.79776
0.03264
0.0751
0.07956
V
356
N
378
D
0.2602
0.20992
0
0.48861
V
364
N
386
342
D
0.24629
0
0.07734
0.31754
V
378
N
400
356
D
0.30181
0.69819
V
386
N
408
364
D
0.03272
0
0.00054
0.00018
0.96478
V
398
N
399
420
D
0.19408
0.37944
0.16221
0.14772
0
V
399
N
400
398
D
0.00536
0.26427
0.00731
0.01222
0.71084
V
400
N
401
399
422
378
D
0.21369
0.19214
0
0.3777
V
401
N
402
400
D
0.0053
0
0
V
402
N
403
401
D
0.00328
0.00296
0.01015
0
0.93822
V
403
N
404
402
D
0.32522
0
0
0.02043
0.30785
V
404
N
403
426
D
0.3703
0
V
408
N
430
386
D
0.45384
0.12788
0
0.15145
0
V
420
N
398
D
0.95356
0
V
422
N
444
400
D
0.18575
0
0
0
V
426
N
427
448
404
D
0.11304
0
0
V
427
N
428
426
449
D
0.00533
0
0.78928
0.00033
0
V
428
N
427
450
D
0.80915
0.00325
0.13273
0.00157
0.0533
V
430
N
452
408
D
0.8093
0
V
444
N
445
422
D
0.91182
0
0
V
445
N
446
444
D
0.072
0
0.01441
0.01525
0
V
446
N
445
D
0.52733
0.13966
0.21076
0
V
448
N
449
426
D
0.01505
0.07155
0.54023
0.06702
0.1564
0.14172
0.00803
V
449
N
450
448
427
D
0.33338
0
0.55792
V
450
N
451
449
428
D
0.33665
0
V
451
N
452
450
D
0.1306
0.3072
0.271
0.14493
0.00081
0.14546
V
452
N
451
474
430
D
0.00555
0.68303
0
0.06792
0.00354
0.23864
V
474
N
496
452
D
0.3678
0.6322
V
496
N
518
474
D
0.59845
0
V
518
N
540
496
D
0.11491
0.68214
0
V
531
N
532
553
D
0.27472
0.53859
0.08143
0
0.03891
V
532
N
533
531
554
D
0.27712
0
0.37698
0
0.20665
V
533
N
534
532
555
D
0.33436
0.01791
0
0
V
534
N
535
533
D
0.09711
0
0.03392
0.00372
0.81056
V
535
N
536
534
D
0.03263
0.41323
0
0
V
536
N
537
535
558
D
0.26378
0
V
537
N
538
536
559
D
0.34501
0.48059
0.016
0.00717
0.15123
V
538
N
537
560
D
0.17792
0.80038
0.01924
0
0.00065
0.00096
V
540
N
562
518
D
0.00034
0.64031
0.00738
0.13799
0
0.19309
V
553
N
554
575
531
D
0.01001
0
0.00344
0.04385
0.54903
0.19674
V
554
N
555
553
576
532
D
0.68468
0
0
V
555
N
554
577
533
D
0.16192
0.83808
V
558
N
559
536
D
0.06668
0.06704
0
0.57774
0.016
V
559
N
560
558
581
537
D
0.63627
0
0.26275
0.04263
0.00327
V
560
N
559
582
538
D
0.12007
0
0.76601
V
562
N
584
540
D
0.5093
0
0
0.03591
V
574
N
575
596
D
0.76717
0
V
575
N
576
574
597
553
D
0.6626
0
0.02707
0
V
576
N
577
575
598
554
D
0.29496
0
0
V
577
N
576
555
D
0.00521
0
0.00543
0.00507
0.22536
V
581
N
582
559
D
0.3174
0.35319
0.21024
0
0
V
582
N
583
581
560
D
0.75977
0
0
V
583
N
584
582
D
0.43171
0.19918
0.06014
0
V
584
N
583
562
D
0.00823
0
0.27596
0
V
596
N
597
574
D
0.34368
0
0.10293
V
597
N
598
596
575
D
0.56244
0.4161
0
V
598
N
597
620
576
D
0.01627
0
0
0.05128
0.35092
V
620
N
598
D
0.08108
0
