i_18_1_13_FR_lak108d
13
lak108d
A
0
3
9
3
V
3
N
10
D
0.39291
0.01297
0.15504
0.00489
0.37951
0
V
9
N
10
16
D
0.15679
0.3158
0.1384
0
0
V
10
N
11
9
17
3
D
0.30267
0
0
V
11
N
12
10
18
D
0.67168
0.21279
0
0.01935
0.09505
V
12
N
13
11
19
D
0.03068
0.88762
0.0328
0
V
13
N
12
20
D
0.20858
0
0
0.05721
0.41335
V
16
N
17
23
9
D
0.04928
0.11954
0
0.59127
V
17
N
18
16
24
10
D
0.00182
0.26667
0
0.00222
V
18
N
19
17
25
11
D
0.09397
0.46429
0.00708
0.00591
0
V
19
N
20
18
12
D
0.2344
0.46611
0
0.06755
0.22581
V
20
N
19
27
13
D
0.00241
0
0
0
V
23
N
24
16
D
0.30075
0
V
24
N
25
23
17
D
0.00133
0
0.01625
V
25
N
24
18
D
0.69536
0.07094
0
V
27
N
28
20
D
0.26688
0
0.10766
V
28
N
27
D
0.7743
0.04934
0.01965
0
0
V
37
N
D
0.85234
0
V
41
N
D
0.23959
0.65978
0
