i_204_4_47_FR_den308d
47
den308d
A
0
12
38
26
A
1
12
27
41
A
2
12
25
27
A
3
12
30
42
V
12
N
13
37
D
0.08843
0.70466
0
0
V
13
N
12
38
D
0.25975
0
V
34
N
35
59
D
0.03665
0.19785
0.01128
0.00102
0
V
35
N
36
34
60
D
0.03587
0.95583
0
V
36
N
37
35
D
0.44462
0.0457
0
V
37
N
38
36
62
12
D
0.74973
0.00056
0.00216
0
0.00398
0.00128
V
38
N
39
37
63
13
D
0.21267
0
V
39
N
40
38
D
0.03022
0
V
40
N
41
39
65
D
0.06664
0.44498
0
0.12744
0.1652
V
41
N
40
66
D
0.10344
0.11988
0
0.57499
V
59
N
60
84
34
D
0.00928
0
0
V
60
N
59
85
35
D
0.74749
0
0.1839
0
V
62
N
63
87
37
D
0.4813
0.01801
0.35222
0
V
63
N
62
88
38
D
0.89527
0
V
65
N
66
90
40
D
0.2515
0.36234
0.38616
V
66
N
65
91
41
D
0.30485
0
0.07847
0.59029
0.00455
0.00012
V
84
N
85
59
D
0.04317
0
0
V
85
N
86
84
60
D
0.73948
0
0
0.12236
V
86
N
87
85
D
0.10179
0
0
0.57208
V
87
N
88
86
112
62
D
0.04085
0
0
0.65981
V
88
N
89
87
113
63
D
0.31331
0.02343
0.00627
0.00051
0
0.65599
V
89
N
90
88
D
0.01212
0.49322
0
0.122
V
90
N
91
89
65
D
0.17967
0
V
91
N
90
66
D
0.21165
0
0.07876
0
V
112
N
113
137
87
D
0.13224
0
0
V
113
N
112
138
88
D
0.03348
0
0
0.08675
V
133
N
134
D
0.2504
0.05078
0.05448
0.51719
0.12715
V
134
N
133
159
D
0.1334
0.77426
0
V
136
N
137
161
D
0.55807
0.44193
V
137
N
138
136
162
112
D
0.11919
0.24767
0
0.40256
0.00337
V
138
N
139
137
163
113
D
0.01399
0
0.00185
0
V
139
N
140
138
164
D
0.50607
0
0
V
140
N
141
139
165
D
0.30819
0
V
141
N
142
140
166
D
0.1022
0
0.61089
0.08042
0.12403
0.06834
V
142
N
141
D
0.86728
0
V
159
N
160
184
134
D
0.04164
0.47794
0.0879
0.00482
0.34248
0.04522
V
160
N
161
159
185
D
0.05669
0.00028
0.00016
0
0.91858
0.01913
V
161
N
162
160
186
136
D
0.25203
0
0
0
V
162
N
163
161
187
137
D
0.37455
0.10452
0.01919
0.44488
0
V
163
N
164
162
188
138
D
0.021
0.31165
0.01813
0.51577
0
V
164
N
165
163
189
139
D
0.10833
0
0.84438
0
V
165
N
166
164
190
140
D
0.08014
0.41578
0.06126
0
0.06704
V
166
N
165
191
141
D
0.21611
0
0.3045
V
184
N
185
209
159
D
0.94521
0
V
185
N
186
184
210
160
D
0.39614
0
V
186
N
187
185
211
161
D
0.26515
0
V
187
N
188
186
212
162
D
0.20508
0
0.0083
V
188
N
189
187
213
163
D
0.17171
0.04704
0.52761
0
0.25019
V
189
N
190
188
214
164
D
0.32564
0
0
V
190
N
191
189
215
165
D
0.00194
0.82185
0
0.00631
V
191
N
190
216
166
D
0.26887
0
0
V
209
N
210
234
184
D
0.00688
0.00171
0
0.70791
0.27804
0.00176
V
210
N
211
209
235
185
D
0.00985
0
0
0.00214
0.19027
V
211
N
212
210
236
186
D
0.40457
0.36548
0.02589
0
V
212
N
213
211
237
187
D
0.88006
0
0.0573
0.00778
V
213
N
214
212
238
188
D
0.21054
0
V
214
N
215
213
239
189
D
0.14946
0
0.26291
0
V
215
N
216
214
240
190
D
0.65352
0.1033
0
V
216
N
215
241
191
D
0.07893
0
0
0
V
234
N
235
259
209
D
0.68083
0.31917
V
235
N
236
234
260
210
D
0.06893
0.79564
0
V
236
N
237
235
261
211
D
0.17599
0
V
237
N
238
236
262
212
D
0.30224
0
0
V
238
N
239
237
263
213
D
0.73511
0
V
239
N
240
238
264
214
D
0.0964
0.04768
0
0.104
V
240
N
241
239
265
215
D
0.50414
0.27858
0
0
V
241
N
240
216
D
0.60132
0
0.19778
V
259
N
260
234
D
0.49898
0.33438
0
V
260
N
261
259
285
235
D
0.21035
0.10171
0.02116
0.13208
0.31731
0.1469
0.07049
V
261
N
262
260
286
236
D
0.26265
0
0.21522
0.44075
V
262
N
263
261
287
237
D
0.64357
0.12747
0
0
V
263
N
264
262
288
238
D
0.04239
0
V
264
N
265
263
289
239
D
0.04596
0
0
V
265
N
264
290
240
D
0.00054
0
0.00207
0.83684
V
285
N
286
310
260
D
0.2424
0.1813
0
0.52535
0.04944
V
286
N
287
285
311
261
D
0.01439
0.98561
V
287
N
288
286
312
262
D
0.00216
0.03337
0.32227
0.13099
0.48881
0.0224
V
288
N
289
287
313
263
D
0.08493
0.00551
0.15034
0
0.67404
V
289
N
290
288
314
264
D
0.75718
0.07276
0.1072
0.00244
0.06042
V
290
N
291
289
315
265
D
0.01245
0.29957
0
0
V
291
N
292
290
316
D
0.47364
0
V
292
N
291
317
D
0.12197
0
0
V
309
N
310
D
0.56499
0
0.00771
0.00745
0.12228
V
310
N
311
309
335
285
D
0.49496
0.2474
0
0
0.03831
V
311
N
312
310
336
286
D
0.11433
0.17111
0
0
V
312
N
313
311
337
287
D
0.26629
0
0.03866
0.19795
V
313
N
314
312
338
288
D
0.37503
0.41919
0.04426
0.00265
0
V
314
N
315
313
339
289
D
0.00171
0
0.81876
0.10864
0.06439
V
315
N
316
314
340
290
D
0.55689
0.18201
0
0.21058
V
316
N
317
315
341
291
D
0.51793
0.06793
0
V
317
N
316
342
292
D
0.02425
0
0.26448
0.09814
0
V
335
N
336
360
310
D
0.41231
0.29006
0.13307
0
V
336
N
337
335
361
311
D
0.21814
0
0
0.02191
V
337
N
338
336
362
312
D
0.88231
0.11769
V
338
N
339
337
363
313
D
0.06729
0.50023
0.16452
0.08774
0
0.0114
V
339
N
340
338
364
314
D
0.49352
0
0.0252
0
V
340
N
341
339
365
315
D
0.01809
0.83762
0
0.12675
V
341
N
342
340
366
316
D
0.06341
0
0
0
V
342
N
341
317
D
0.01626
0.10925
0.00036
0
0.00095
V
356
N
357
381
D
0.01073
0.03639
0.95288
V
357
N
356
382
D
0.05308
0
0
0.0286
V
359
N
360
384
D
0.01465
0
0
0.00701
V
360
N
361
359
335
D
0.86389
0
V
361
N
362
360
386
336
D
0.10647
0.00227
0
0
V
362
N
363
361
387
337
D
0.21323
0
V
363
N
364
362
388
338
D
0.05392
0.84762
0.01434
0.01914
0.04867
0.01631
V
364
N
365
363
389
339
D
0.03177
0
V
365
N
366
364
340
D
0.2841
0.01965
0
0.5596
0
V
366
N
365
391
341
D
0.26392
0.44804
0
0.13645
V
378
N
379
403
D
0.46975
0
0.18316
0.25554
V
379
N
380
378
404
D
0.18484
0
0
V
380
N
381
379
405
D
0.11801
0.48193
0
0.01033
0
V
381
N
382
380
406
356
D
0.55188
0
0.00348
0.31551
0
V
382
N
381
357
D
0.04729
0
0.00098
0
0.01478
V
384
N
359
D
0.60136
0.04839
0.01485
0.00459
0.31588
0
V
386
N
387
411
361
D
0.35775
0
0
0.05973
0.10508
V
387
N
388
386
412
362
D
0.18557
0.18783
0
0
0.21882
V
388
N
389
387
413
363
D
0.12923
0
0.59185
0
0.05226
V
389
N
388
414
364
D
0.72378
0.09136
0
0.05557
V
391
N
392
366
D
0.0241
0.36366
0
0
0.0454
V
392
N
393
391
D
0.6828
0.3172
V
393
N
394
392
D
0.31535
0
0.06868
0
V
394
N
395
393
419
D
0.46122
0
0.00944
0.11903
V
395
N
396
394
420
D
0.03069
0
0
0.62078
V
396
N
395
421
D
0.31164
0
0
V
402
N
403
D
0.22136
0
0
V
403
N
404
402
428
378
D
0.94964
0
V
404
N
405
403
429
379
D
0.40375
0
0
0.03035
V
405
N
406
404
430
380
D
0.40688
0.05447
0.06386
0
0.01944
0.41084
V
406
N
405
431
381
D
0.09193
0.75785
0
V
411
N
412
436
386
D
0.12559
0.87441
V
412
N
413
411
437
387
D
0.23443
0.60828
0.07746
0
0
V
413
N
414
412
438
388
D
0.28653
0.04752
0
V
414
N
413
439
389
D
0.94875
0.00296
0
V
419
N
420
444
394
D
0.00212
0.31458
0.32024
0
0.0215
0.33679
V
420
N
421
419
445
395
D
0.26776
0
V
421
N
422
420
446
396
D
0.16108
0
0.56847
0
V
422
N
421
447
D
0.27138
0.30022
0
0.09545
0
V
424
N
449
D
0.46002
0
V
428
N
429
453
403
D
0.3218
0.37181
0
V
429
N
430
428
454
404
D
0.00036
0
0.08398
0.00433
0.00733
0.00594
V
430
N
431
429
455
405
D
0.02961
0.90197
0
V
431
N
432
430
456
406
D
0.13986
0.0005
0
0
V
432
N
433
431
457
D
0.87767
0
V
433
N
434
432
458
D
0.07768
0
0.0578
0
0.76529
V
434
N
433
D
0.36385
0
0
0.02635
V
436
N
437
461
411
D
0.9331
0.0669
V
437
N
438
436
462
412
D
0.02864
0
V
438
N
439
437
463
413
D
0.07297
0.10136
0
0.09833
0.2506
V
439
N
438
464
414
D
0.00422
0.21556
0.55437
0.0029
0
V
442
N
443
467
D
0.1212
0.03854
0
0.00591
0.79976
V
443
N
444
442
468
D
0.61694
0
V
444
N
445
443
469
419
D
0.80542
0
0
V
445
N
446
444
470
420
D
0.82064
0.17936
V
446
N
447
445
471
421
D
0.76682
0
V
447
N
446
472
422
D
0.54627
0
0.10358
0
V
449
N
450
474
424
D
0.5494
0
V
450
N
449
475
D
0.49109
0
0
V
453
N
454
478
428
D
0.01053
0.92567
0.00388
0
V
454
N
455
453
429
D
0.01917
0.98083
V
455
N
456
454
480
430
D
0.092
0.03817
0.45045
0.41938
V
456
N
457
455
481
431
D
0.91757
0
V
457
N
458
456
482
432
D
0.53306
0
0
V
458
N
457
483
433
D
0.09555
0
0.1639
0.17246
0.0044
V
461
N
462
436
D
0.00654
0
0.83115
0
V
462
N
463
461
437
D
0.31213
0
0.14802
V
463
N
464
462
438
D
0.48356
0.21916
0
0.01103
0.19411
V
464
N
463
439
D
0.86648
0
V
467
N
468
442
D
0.14662
0.00725
0.25994
0.05279
0.5334
V
468
N
469
467
493
443
D
0.82225
0
0.09493
0.00142
0
V
469
N
470
468
494
444
D
0.31166
0.01473
0
V
470
N
471
469
495
445
D
0.41858
0.25264
0
V
471
N
472
470
496
446
D
0.0344
0.04536
0
0.53984
V
472
N
471
497
447
D
0.89984
0
V
474
N
475
499
449
D
0.09621
0
V
475
N
474
500
450
D
0.74558
0
V
478
N
453
D
0.01612
0
0.16769
0.3458
0.37619
0.08372
V
480
N
481
455
D
0.46309
0
0.02698
0.44291
0
V
481
N
482
480
506
456
D
0.11256
0.14188
0
V
482
N
483
481
507
457
D
0.12832
0
0
0.00925
V
483
N
484
482
508
458
D
0.02194
0
0.03311
0.16924
0.61331
V
484
N
483
509
D
0.48184
0
0.28394
V
493
N
494
518
468
D
0.00027
0
0.02295
0.03901
2e-05
0.00029
V
494
N
495
493
519
469
D
0.19293
0.25526
0
0.23305
0
V
495
N
496
494
520
470
D
0.14196
0
0.3222
0.42224
0.08602
V
496
N
497
495
521
471
D
0.32548
0
0.10125
V
497
N
496
522
472
D
0.15974
0
0.54685
0.27542
V
499
N
500
524
474
D
0.20452
0.00244
0
0.2763
V
500
N
499
475
D
0.34808
0.65192
V
506
N
507
481
D
0.96027
0
V
507
N
508
506
482
D
0.54631
0
0
0
V
508
N
509
507
483
D
0.94453
0
V
509
N
508
484
D
0.23775
0
0
V
517
N
518
542
D
0.60036
0
V
518
N
519
517
493
D
0.37291
0.05242
0
0
V
519
N
520
518
494
D
0.96592
0
0.03391
V
520
N
521
519
495
D
0.12269
0
0.02918
0.84442
V
521
N
522
520
496
D
0.67625
0
V
522
N
523
521
547
497
D
0.06121
0
V
523
N
524
522
548
D
0.0163
0.27885
0.11337
0.02548
0.52712
0.00942
0.02946
V
524
N
523
499
D
0.00533
0.10417
0.8905
V
542
N
517
D
0.11775
0.25823
0.55019
0.01862
0.05521
V
547
N
548
522
D
0.27408
0
V
548
N
547
523
D
0.35434
0
0
