i_207_7_64_FR_lak203d
64
lak203d
A
0
37
54
21
A
1
37
35
41
A
2
37
39
56
A
3
37
33
39
A
4
37
60
51
A
5
37
61
25
A
6
37
36
17
V
37
N
38
65
D
0.06143
0.0158
0
V
38
N
39
37
66
D
0.71526
0
V
39
N
38
67
D
0.57032
0.11485
0.18471
0.13012
V
41
N
42
69
D
0.02547
0.00738
0.49349
0
0
V
42
N
43
41
70
D
0.41585
0.26787
0.0025
0.01433
0.07648
0.22297
V
43
N
44
42
71
D
0.63775
0
V
44
N
45
43
72
D
0.09485
0
V
45
N
44
73
D
0.23562
0
0.36301
0.01191
0
V
47
N
75
D
0.44421
0.31344
0
0
V
65
N
66
93
37
D
0.00655
0
7e-05
0.0007
0.78124
V
66
N
67
65
94
38
D
0.68544
0
V
67
N
68
66
95
39
D
4e-05
0
0.0549
0
0.77976
V
68
N
69
67
96
D
0.49692
0.27308
0
V
69
N
70
68
97
41
D
0.50452
0
0
V
70
N
71
69
98
42
D
0.09646
0.49183
0.32497
0.08674
V
71
N
72
70
99
43
D
0.26345
0
0.1448
0
V
72
N
73
71
100
44
D
0.3635
0.04835
0
0
0.23178
V
73
N
74
72
101
45
D
0.19412
0.02961
0.05699
0
V
74
N
75
73
102
D
0.48797
0.23276
0
0.00375
V
75
N
74
103
47
D
0.13668
0.14396
0.23142
0.01994
0.36133
0
V
93
N
94
65
D
0.00541
0.00297
0.01304
0.00147
0
V
94
N
95
93
66
D
0.52275
0
0
0.07414
V
95
N
96
94
67
D
0.01116
0
0
V
96
N
97
95
68
D
0.60985
0
0.02425
0
V
97
N
98
96
69
D
0.7729
0
0
V
98
N
99
97
126
70
D
0.08298
0
0.01471
0.13
0.7551
V
99
N
100
98
127
71
D
0.28037
0.11485
0.00402
0.17972
0.30725
0
V
100
N
101
99
128
72
D
0.08362
0.04348
0
0.74808
0
V
101
N
102
100
73
D
0.41817
0.30442
0
V
102
N
103
101
130
74
D
0.28093
0
0.09745
0.0123
V
103
N
104
102
131
75
D
0.08271
0.19987
0
0.15697
V
104
N
103
132
D
0.13874
0.06459
0.03216
0
0
V
126
N
127
154
98
D
0.38821
0.53732
0
0
V
127
N
128
126
155
99
D
0.00298
0.00591
0.4508
0
0.07377
0.46302
V
128
N
127
156
100
D
0.73893
0
0
0.00848
V
130
N
131
158
102
D
0.42425
0.38891
0
V
131
N
132
130
159
103
D
0.02274
0.05262
0
0
0.30933
V
132
N
131
160
104
D
0.64487
0
V
150
N
151
D
0.01447
0.20998
0.04487
0
0.59261
V
151
N
152
150
179
D
0.4344
0
0
0
V
152
N
153
151
180
D
0.04774
0
0.17723
0.13108
0.63675
V
153
N
154
152
181
D
0.57202
0
0
0.36781
V
154
N
155
153
182
126
D
0.53032
0
0
V
155
N
156
154
183
127
D
0.48535
0.44609
0.00809
0.0545
0
V
156
N
157
155
184
128
D
0.70211
0.00274
0.29515
V
157
N
158
156
185
D
0.18207
0
0.01202
0.18506
0.01831
0.56134
V
158
N
159
157
186
130
D
0.27304
0.11735
0
0.01078
0
V
159
N
160
158
187
131
D
0.42256
0
V
160
N
159
188
132
D
0.02898
0
0.27657
0.05057
0.01967
V
179
N
180
207
151
D
0.77981
0
V
180
N
181
179
208
152
D
0.10554
0.57503
0
0
V
181
N
182
180
209
153
D
0.02742
0.26181
0
0
0.00881
V
182
N
183
181
210
154
D
0.59977
0
0.01822
0
V
183
N
184
182
155
D
0.36289
0
0.2274
0
V
184
N
185
183
156
D
0.07505
0
0.11479
0.23735
V
185
N
186
184
213
157
D
0.0563
0.68547
0
0.03231
0.06384
0.15007
V
186
N
187
185
214
158
D
0.5258
0.01159
0
0.29645
V
187
N
188
186
215
159
D
0.0626
0.07034
0
V
188
N
187
160
D
0.4694
0.26753
0
0
0.02844
V
207
N
208
179
D
0.06762
0
0
V
208
N
209
207
180
D
0.16747
0.3297
0
0.09664
V
209
N
210
208
181
D
0.00356
0.00199
0
0
0.85958
V
210
N
209
182
D
0.38727
0.6026
0
V
213
N
214
185
D
0.74751
0.20089
0
0.03528
V
214
N
215
213
186
D
0.32152
0
0.05029
0.01391
0.12827
V
215
N
214
187
D
0.01558
0
0.01318
0.08773
0.39887
0.15309
V
655
N
683
D
0.40902
0
0
V
659
N
687
D
0.53988
0
0
V
663
N
691
D
0.03115
0.92494
0
V
683
N
711
655
D
0.2727
0.05783
0.36893
0
0.27903
V
687
N
715
659
D
0.98861
0.01139
V
691
N
719
663
D
0.00604
0.00487
0.28982
0
0.28952
0.00397
V
703
N
704
731
D
0.48573
0.26771
0.06555
0.00647
0
V
704
N
705
703
732
D
0.1691
0.08198
0.4783
0.01208
0
V
705
N
706
704
733
D
0.2706
0
0
V
706
N
707
705
734
D
0.13716
0
0
0.76095
V
707
N
708
706
735
D
0.03866
0.00364
0
V
708
N
707
736
D
0.64753
0
0
V
710
N
711
738
D
0.04949
0.05366
0
V
711
N
712
710
739
683
D
0.15634
0.51915
0.04265
0.28186
V
712
N
713
711
740
D
0.0663
0.08461
0
0.4879
0.21687
V
713
N
714
712
741
D
0.16147
0
0
0
V
714
N
715
713
742
D
0.16739
0.10006
0
0.60857
0
V
715
N
716
714
743
687
D
0.30287
0
V
716
N
717
715
744
D
0.73153
0
V
717
N
718
716
745
D
0.20189
0.29762
0.1039
0
0.17036
V
718
N
719
717
746
D
0.51268
0
0.11846
V
719
N
720
718
747
691
D
0.11502
0.29589
0.00855
0
0.35434
V
720
N
721
719
748
D
0.74776
0
0
0.18205
V
721
N
722
720
749
D
0.12688
0.10426
0.04463
0.53772
0.14126
0
V
722
N
723
721
750
D
0.01789
0
0
V
723
N
724
722
751
D
0.41172
0
0.1236
0.20646
0.149
V
724
N
725
723
752
D
0.10907
0
0.13625
0
V
725
N
724
753
D
0.98807
0.01193
V
727
N
728
755
D
0.22169
0
V
728
N
727
756
D
0.21215
0
0.31123
0
0.18315
V
729
N
730
757
D
0.16075
0.51467
0
V
730
N
731
729
758
D
0.31043
0
0
V
731
N
732
730
759
703
D
0.37292
0
V
732
N
733
731
760
704
D
0.31813
0
0.29961
V
733
N
734
732
761
705
D
0.08027
0.04347
0.03303
0
0.64923
V
734
N
735
733
762
706
D
0.05118
0.09024
0.26309
0
0.10979
0.06352
V
735
N
736
734
763
707
D
0.88972
0
V
736
N
737
735
764
708
D
0.4637
0.49721
0
V
737
N
738
736
765
D
0.08535
0
0
0.44649
V
738
N
739
737
766
710
D
0.87267
0
V
739
N
740
738
767
711
D
0.31144
0
0.15623
0.32477
V
740
N
741
739
768
712
D
0.2688
0
0.00241
0.26606
0.01839
0.33763
V
741
N
742
740
769
713
D
0.98155
0
V
742
N
743
741
770
714
D
0.01514
0.50999
0.11675
0.18414
0.02207
0
V
743
N
744
742
771
715
D
0.06278
0
0
V
744
N
745
743
772
716
D
0.06492
0
0.00057
0.49728
0.05797
0.20805
V
745
N
746
744
773
717
D
0.01688
0.58629
0
0.22909
0.0387
0.01565
V
746
N
747
745
774
718
D
0.01661
0.8236
0.09535
0
0.00544
V
747
N
748
746
775
719
D
0.73431
0.07052
0
0
V
748
N
749
747
720
D
0.18871
0.54026
0
V
749
N
750
748
777
721
D
0.19608
0.80392
V
750
N
751
749
778
722
D
0.59655
0
0.02222
0
V
751
N
752
750
779
723
D
0.43589
0
0
V
752
N
753
751
780
724
D
0.2036
0
0.07708
0.05457
0
V
753
N
754
752
781
725
D
0.08967
0.00206
0.1333
0
0.45142
V
754
N
755
753
782
D
0.85538
0
0.01978
0
V
755
N
756
754
783
727
D
0.04549
0.02871
0
0
0.35704
V
756
N
755
728
D
0.52556
0
V
757
N
758
729
D
0.55367
0
V
758
N
759
757
730
D
0.31914
0.31942
0
0
V
759
N
760
758
731
D
0.00091
0.28556
0
0.20289
0.37972
0.0006
V
760
N
761
759
732
D
0.474
0.12875
0
0.28604
V
761
N
762
760
733
D
0.81057
0
V
762
N
763
761
790
734
D
0.0058
0
0
0.06937
V
763
N
764
762
791
735
D
0.37373
0
0.39895
V
764
N
765
763
792
736
D
0.73128
0
0
V
765
N
766
764
737
D
0.01391
0
0.01913
0.19709
V
766
N
767
765
738
D
0.54504
0
V
767
N
768
766
795
739
D
0.15541
0.32369
0.4746
0
V
768
N
769
767
740
D
0.02645
0.05227
0
V
769
N
770
768
741
D
0.61405
0.20105
0.1849
V
770
N
771
769
742
D
0.68881
0
V
771
N
772
770
799
743
D
0.68711
0
V
772
N
773
771
744
D
0.39727
0.03771
0.27895
0.05031
0
V
773
N
774
772
745
D
0.44142
0
0
V
774
N
775
773
746
D
0.10123
0
0.01688
0
0.72205
V
775
N
774
803
747
D
0.86323
0
0.00874
V
777
N
778
749
D
0.01472
0
V
778
N
779
777
750
D
0.18266
0
V
779
N
780
778
751
D
0.41845
0
0
0.0848
0.16926
V
780
N
781
779
752
D
0.43308
0.42249
0
0
V
781
N
782
780
753
D
0.1694
0.00189
0.00402
0
0.02148
V
782
N
783
781
754
D
0.76163
0
V
783
N
782
755
D
0.02208
0.02309
0.06129
0
0.2149
0.67731
V
790
N
791
818
762
D
0.02383
0
0.0008
0.97163
V
791
N
792
790
819
763
D
0.11579
0.28799
0.32571
0
V
792
N
791
820
764
D
0.27711
0
0.05768
0.38867
V
795
N
823
767
D
0.08208
0
1e-05
0.86308
V
799
N
827
771
D
0.08601
0
0
V
803
N
831
775
D
0.14745
0.14884
0.11717
0
0.04497
V
813
N
814
D
0.29356
0
V
814
N
815
813
842
D
0.274
0
0
0.03822
0.14833
V
815
N
816
814
843
D
0.12312
0
0.373
0.03661
0.16588
V
816
N
817
815
844
D
0.03338
0
0.58673
0.25144
0.04687
0.00641
V
817
N
818
816
845
D
0.01693
0.66798
0
0.01831
0
V
818
N
819
817
846
790
D
0.28453
0.42195
0.11356
0.00277
0.17719
V
819
N
820
818
847
791
D
0.1631
0.01719
0.51307
0.02926
0
V
820
N
819
848
792
D
0.38454
0.25119
0.20741
0
0.01611
V
823
N
795
D
0.01144
0.93827
0.00547
0.01327
0
0.03069
V
827
N
799
D
0.69313
0
0
V
831
N
803
D
0.26602
0.5843
0
0.00985
V
842
N
843
870
814
D
0.47728
0
0.03425
0.05993
V
843
N
844
842
871
815
D
0.23973
0.0498
0
0.64493
0.02524
V
844
N
845
843
872
816
D
0.4531
0
0.20072
V
845
N
846
844
873
817
D
0.41774
0
0
V
846
N
847
845
874
818
D
0.00307
0.36064
0
V
847
N
848
846
875
819
D
0.00819
0.01911
0.09894
0
0.00701
V
848
N
847
876
820
D
0.02223
0
0.66191
0.15781
0.02957
V
869
N
870
D
0.03248
0.00269
0
0.69737
0.00103
V
870
N
871
869
842
D
0.45414
0
V
871
N
872
870
843
D
0.41953
0.57854
0.00111
0
V
872
N
873
871
844
D
0.57789
0
0.10215
0
0.02374
V
873
N
874
872
845
D
0.72395
0.02826
0.10075
0.1082
0.03884
V
874
N
875
873
902
846
D
0.36599
0
0.01783
0
V
875
N
876
874
903
847
D
0.06175
0.01542
0.45467
0
0.01533
0.05147
V
876
N
875
904
848
D
0.04525
0.04906
0
0
0.00821
V
902
N
903
930
874
D
0.01391
0.1073
0.18453
0
0.38753
0.26828
V
903
N
904
902
931
875
D
0.46094
0
0.49574
V
904
N
903
876
D
0.27335
0
0
V
925
N
926
953
D
0.00011
0
0.67698
0.09505
0.0393
V
926
N
927
925
954
D
0.92776
0
V
927
N
928
926
955
D
0.34012
0.65988
V
928
N
929
927
956
D
0.06906
0.15117
0.45952
0
0
V
929
N
930
928
957
D
0.01113
0
0.22808
0.66823
V
930
N
931
929
958
902
D
0.14314
0
0
V
931
N
930
959
903
D
0.03867
0
0.22607
V
953
N
954
981
925
D
0.48515
0
0
V
954
N
955
953
982
926
D
0.06439
0.28031
0.05109
0.21065
0.37454
0.01902
V
955
N
956
954
983
927
D
0.466
0
V
956
N
957
955
984
928
D
0.00174
0.32124
0.01992
0
V
957
N
958
956
985
929
D
0.02719
0
0
0
V
958
N
959
957
986
930
D
0.53435
0.03503
0.08753
0.1354
0
V
959
N
960
958
987
931
D
0.68472
0
V
960
N
959
D
0.15707
0
0
0.71835
V
981
N
982
953
D
0.55941
0
0
0.00581
V
982
N
983
981
954
D
0.00337
0
0.9855
V
983
N
984
982
955
D
0.03786
0
0.10042
0.05607
0
V
984
N
985
983
956
D
0.61933
0.38067
V
985
N
986
984
957
D
0.24787
0
V
986
N
987
985
958
D
0.08104
0
0.42854
V
987
N
986
959
D
0.15939
0.32847
0.47687
0
0
