i_208_35_368_FR_ost101d
368
ost101d
A
0
19877
243
141
A
1
19877
286
171
A
2
19877
269
276
A
3
19877
325
181
A
4
19877
184
347
A
5
19877
230
67
A
6
19877
297
366
A
7
19877
236
147
A
8
19877
292
294
A
9
19877
271
45
A
10
19877
197
31
A
11
19877
283
104
A
12
19877
246
167
A
13
19877
193
310
A
14
19877
354
129
A
15
19877
262
92
A
16
19877
319
93
A
17
19877
223
22
A
18
19877
245
260
A
19
19877
310
292
A
20
19877
290
195
A
21
19877
331
266
A
22
19877
316
312
A
23
19877
194
135
A
24
19877
270
86
A
25
19877
355
170
A
26
19877
305
303
A
27
19877
360
303
A
28
19877
355
156
A
29
19877
359
93
A
30
19877
261
146
A
31
19877
257
240
A
32
19877
358
227
A
33
19877
325
258
A
34
19877
225
345
V
19877
N
20069
D
0.41964
0
V
20068
N
20069
20260
D
0.19558
0.16519
0.01475
0
V
20069
N
20068
20261
19877
D
0.59319
0.14724
0.12318
0
V
20260
N
20261
20068
D
0.24104
0.04856
0.4906
0.15865
0.06115
V
20261
N
20262
20260
20453
20069
D
0.11636
0.01384
0
0.21935
0.00568
V
20262
N
20261
20454
D
0.23618
0
0.02707
0.65204
0.01851
V
20453
N
20454
20261
D
0.00097
0.00186
0
0.00132
0.547
V
20454
N
20453
20646
20262
D
0.41756
0
0.10604
0.41812
V
20646
N
20647
20454
D
0.4441
0
V
20647
N
20646
20839
D
0.20844
0.59226
0
0
V
20839
N
21031
20647
D
0.54881
0
V
21030
N
21031
21222
D
0.99949
0
V
21031
N
21032
21030
21223
20839
D
0.13186
0
0
V
21032
N
21031
21224
D
0.0887
0.27918
0
0
V
21046
N
21047
21238
D
0.41743
0
0.16766
0
0.18218
V
21047
N
21048
21046
21239
D
0.07868
0.088
0.01736
0.15738
0.65126
0
V
21048
N
21049
21047
21240
D
0.13919
0.81385
0.00224
0.02027
0
V
21049
N
21048
21241
D
0.07803
0
0.06068
0.26188
0
V
21221
N
21222
21413
D
0.79069
0.13187
0
0.01488
V
21222
N
21223
21221
21414
21030
D
0.1773
0.01026
0.5715
0
V
21223
N
21224
21222
21415
21031
D
0.04317
0.02149
0.07289
0.84806
0.01439
V
21224
N
21225
21223
21416
21032
D
0.41991
0
0.09927
V
21225
N
21224
D
0.00309
0
0.10603
0.00658
0.88394
V
21235
N
21236
21427
D
0.51661
0
0.00685
0.2997
V
21236
N
21237
21235
21428
D
0.01187
0
0
0.00028
0.73768
V
21237
N
21238
21236
21429
D
0.09121
0.04904
0
0.34703
V
21238
N
21239
21237
21430
21046
D
0.63404
0
V
21239
N
21240
21238
21431
21047
D
0.04415
0.45309
0.10648
0.38631
0
V
21240
N
21241
21239
21432
21048
D
0.01171
0
0
0.72354
V
21241
N
21242
21240
21433
21049
D
0.18143
0.3161
0.42844
0.04573
0
0.02455
V
21242
N
21243
21241
21434
D
0.26179
0.21994
0.51827
V
21243
N
21242
21435
D
0.05317
0
0.11717
V
21410
N
21411
D
0.24948
0.55345
0
V
21411
N
21412
21410
21603
D
0.22194
0
V
21412
N
21413
21411
21604
D
0.78489
0
V
21413
N
21414
21412
21605
21221
D
0.01334
0.233
0.12919
0.26002
0.13254
0.10572
0.12619
V
21414
N
21415
21413
21606
21222
D
0.21289
0.48901
0.01488
0
0
V
21415
N
21416
21414
21607
21223
D
0.53429
0
0.01762
0.42657
V
21416
N
21415
21608
21224
D
0.7482
0.18118
0
V
21426
N
21427
21618
D
0.19437
0.2218
0.16473
0.11611
0
0.05687
V
21427
N
21428
21426
21619
21235
D
0.05368
0.13213
0.00334
0.07393
0
0.02963
V
21428
N
21429
21427
21620
21236
D
0.40548
0
V
21429
N
21430
21428
21621
21237
D
0.01702
0.0005
0.02512
0.00773
0.00291
0
V
21430
N
21431
21429
21622
21238
D
0.02615
0
0.00193
0.00194
0.06499
0.67115
V
21431
N
21432
21430
21623
21239
D
0.23293
0.09289
0.09912
0
0.49991
V
21432
N
21433
21431
21624
21240
D
0.83835
0
V
21433
N
21434
21432
21625
21241
D
0.87791
0.0058
0
0.10447
V
21434
N
21435
21433
21626
21242
D
0.07651
0
0
0.74907
V
21435
N
21436
21434
21627
21243
D
0.06315
0
0.48707
0.06693
0
V
21436
N
21435
21628
D
0.02649
0
0
V
21603
N
21604
21411
D
0.46182
0
0
V
21604
N
21605
21603
21796
21412
D
0.00137
0
0.03497
0
0.95987
V
21605
N
21606
21604
21797
21413
D
0.17569
7e-05
0.00427
0
V
21606
N
21607
21605
21798
21414
D
0.14813
0
0.06946
0.74108
V
21607
N
21608
21606
21799
21415
D
0.12901
0.00404
0.04087
0
0.64999
V
21608
N
21609
21607
21800
21416
D
0.60452
0
V
21609
N
21610
21608
21801
D
0.85659
0
V
21610
N
21611
21609
21802
D
0.23858
0.01763
0
0.38689
0.02209
0.2643
V
21611
N
21610
21803
D
0.03495
0.17766
0
0
V
21617
N
21618
21809
D
0.80205
0
V
21618
N
21619
21617
21810
21426
D
0.18539
0
0
0.5907
V
21619
N
21620
21618
21811
21427
D
0.45108
0
0.02913
0
V
21620
N
21621
21619
21812
21428
D
0.02912
0
0.02917
0.19392
0.39959
V
21621
N
21622
21620
21813
21429
D
0.18298
2e-05
0
0.15589
V
21622
N
21623
21621
21814
21430
D
0.93037
0
V
21623
N
21624
21622
21815
21431
D
0.73259
0
0.00094
0.00845
0.00571
V
21624
N
21625
21623
21816
21432
D
0.2805
0
0
0
V
21625
N
21626
21624
21817
21433
D
0.01003
0
0.88107
0.02453
0.0816
V
21626
N
21627
21625
21818
21434
D
0.28064
0
V
21627
N
21628
21626
21819
21435
D
0.73987
0
V
21628
N
21629
21627
21820
21436
D
0.11598
0
0
0.78566
V
21629
N
21628
D
0.24423
0
V
21796
N
21797
21604
D
0.10067
0.19351
0.21578
0.00675
0.0047
0.36703
0.11156
V
21797
N
21798
21796
21989
21605
D
0.32763
0.00911
0.0008
0.48349
0.17148
0.00749
V
21798
N
21799
21797
21990
21606
D
0.05819
0
0
V
21799
N
21800
21798
21991
21607
D
0.19148
0.19973
0.50516
0
V
21800
N
21801
21799
21992
21608
D
0.23963
0.01031
0.00274
0
0.68004
V
21801
N
21802
21800
21993
21609
D
0.21034
0.6947
0.08872
0
0.00266
V
21802
N
21803
21801
21994
21610
D
0.98247
0
0.00033
V
21803
N
21804
21802
21995
21611
D
0.50734
0.00212
0.13239
0.23565
0
V
21804
N
21805
21803
21996
D
0.16268
0
0.11013
0.70248
V
21805
N
21806
21804
21997
D
0.00779
0.02572
0
V
21806
N
21807
21805
21998
D
0.01218
0.00027
0.96025
0.00038
0
0.02691
V
21807
N
21806
21999
D
0.75402
0
V
21809
N
21810
21617
D
0.3998
0.11433
0.04412
0
0.25059
V
21810
N
21811
21809
22002
21618
D
0.5728
0.11312
0
0
V
21811
N
21812
21810
22003
21619
D
0.66343
0
0.00074
0
V
21812
N
21813
21811
22004
21620
D
0.08668
0
0.87145
V
21813
N
21814
21812
22005
21621
D
0.06251
0.00804
0
0.81357
0.06164
V
21814
N
21815
21813
22006
21622
D
0.05659
0.11557
0
0.27482
V
21815
N
21816
21814
22007
21623
D
0.05708
0
0.7585
0.0374
V
21816
N
21817
21815
22008
21624
D
0.3406
0
0.00437
0.00761
V
21817
N
21818
21816
22009
21625
D
0.40159
0.37091
0
V
21818
N
21819
21817
22010
21626
D
0.0467
0
0.02634
V
21819
N
21820
21818
21627
D
0.00187
0.17972
0.00016
0.02649
0.35581
0.00188
0.43407
V
21820
N
21819
21628
D
0.00272
0
0.02631
0.00745
0.01235
V
21989
N
21990
22181
21797
D
0.18568
0.08903
0
0.23929
V
21990
N
21991
21989
22182
21798
D
0.9244
0.04432
0
0.00685
V
21991
N
21992
21990
22183
21799
D
0.60607
0
0.03685
0
V
21992
N
21993
21991
22184
21800
D
0.15781
0.84219
V
21993
N
21994
21992
22185
21801
D
0.04486
0
0
V
21994
N
21995
21993
22186
21802
D
0.72995
0.27005
V
21995
N
21996
21994
22187
21803
D
0.97775
0.02225
V
21996
N
21997
21995
22188
21804
D
0.09268
0
V
21997
N
21998
21996
22189
21805
D
0.66839
0.33161
V
21998
N
21999
21997
22190
21806
D
0.12841
0.85954
0
V
21999
N
22000
21998
22191
21807
D
0.09416
0.50396
0
0.04175
V
22000
N
21999
22192
D
0.07349
0
0.46102
0
0.3885
V
22002
N
22003
22194
21810
D
0.7553
0
0
V
22003
N
22004
22002
22195
21811
D
0.51071
0.01013
0.27945
0
V
22004
N
22005
22003
22196
21812
D
0.019
0.03819
0.10324
0
0.63194
V
22005
N
22006
22004
22197
21813
D
0.11964
0.24631
0.63405
V
22006
N
22007
22005
22198
21814
D
0.08353
0
0
V
22007
N
22008
22006
22199
21815
D
0.02448
0.32416
0
0.6376
0
V
22008
N
22009
22007
22200
21816
D
0.00263
0.01494
0.08038
0.2823
0.56478
0.01028
0.04469
V
22009
N
22010
22008
22201
21817
D
0.01556
0
0.16531
0.19612
0.10323
V
22010
N
22009
21818
D
0.00234
0.79006
0
9e-05
0.00267
V
22181
N
22182
21989
D
0.72208
0
0
V
22182
N
22183
22181
21990
D
0.11267
0.09156
0
V
22183
N
22184
22182
21991
D
0.02132
0.3829
0.39554
0.00163
0.11446
0
V
22184
N
22185
22183
21992
D
0.17931
0.04447
0
0.23922
0
V
22185
N
22186
22184
22377
21993
D
0.19251
0
0.00088
0.00725
0.49422
V
22186
N
22187
22185
22378
21994
D
0.80462
0
0.02716
0
V
22187
N
22188
22186
21995
D
0.8501
0.03639
0.08717
0
V
22188
N
22189
22187
22380
21996
D
0.00309
0.05938
0.24869
0
0
V
22189
N
22190
22188
22381
21997
D
0.72324
0
V
22190
N
22191
22189
22382
21998
D
0.85235
0
0.0823
V
22191
N
22192
22190
22383
21999
D
0.1816
0.52548
0.18415
0
0.10267
V
22192
N
22191
22384
22000
D
0.26437
0.33152
0
V
22194
N
22195
22386
22002
D
0.88835
0
V
22195
N
22196
22194
22387
22003
D
0.01709
0.0009
0
V
22196
N
22197
22195
22388
22004
D
0.82706
0
V
22197
N
22198
22196
22389
22005
D
0.31404
0.27657
0
V
22198
N
22199
22197
22390
22006
D
0.01038
0
0
V
22199
N
22200
22198
22391
22007
D
0.14744
0.18756
0.00575
0
0
V
22200
N
22201
22199
22392
22008
D
0.91459
0.08541
V
22201
N
22200
22393
22009
D
0.57836
0.20165
0
V
22377
N
22378
22569
22185
D
0.17874
0
0
V
22378
N
22377
22186
D
0.83907
0.0084
0
0.12266
0.00314
V
22380
N
22381
22188
D
0.14901
0
0
V
22381
N
22382
22380
22189
D
0.07305
0.86999
0
V
22382
N
22383
22381
22574
22190
D
0.75224
0
V
22383
N
22384
22382
22575
22191
D
0.0956
0.24427
0
0.29188
V
22384
N
22385
22383
22576
22192
D
0.13633
0
V
22385
N
22386
22384
22577
D
0.16721
0.06608
0
0
0.16533
V
22386
N
22387
22385
22578
22194
D
0.3165
0
0.00022
0.00585
V
22387
N
22388
22386
22579
22195
D
0.01281
0
0
V
22388
N
22389
22387
22580
22196
D
0.07419
0.00042
0.02119
0.01952
0.88468
V
22389
N
22390
22388
22581
22197
D
0.41154
0
V
22390
N
22391
22389
22582
22198
D
0.63139
0
0
0.2213
V
22391
N
22392
22390
22583
22199
D
0.10382
0.41955
0.07435
0
V
22392
N
22393
22391
22200
D
0.91687
0
V
22393
N
22392
22201
D
0.0314
0
0
V
22569
N
22761
22377
D
0.11664
0.0378
0.16979
0.66923
0
V
22574
N
22575
22382
D
0.31948
0.47155
0.07743
0.12616
0
V
22575
N
22576
22574
22767
22383
D
0.33529
0
0.08945
0
V
22576
N
22577
22575
22384
D
0.20578
0.31896
0
0
V
22577
N
22578
22576
22769
22385
D
0.10055
0.37085
0.43034
0
0.02389
V
22578
N
22579
22577
22770
22386
D
0.47874
0
0.0542
0.38552
V
22579
N
22580
22578
22771
22387
D
0.05047
0.27404
0.04105
0.08215
0
V
22580
N
22581
22579
22772
22388
D
0.72403
0.11264
0.1391
0.02196
0.00227
V
22581
N
22582
22580
22773
22389
D
0.03191
0.47305
0.07205
0
0.33718
0.03092
V
22582
N
22583
22581
22774
22390
D
0.28851
0.03042
0.51679
0
V
22583
N
22582
22391
D
0.06608
0
0.43904
0
0.19581
V
22761
N
22569
D
0.95426
0
V
22767
N
22575
D
0.08551
0
0.55535
0.06518
0.03185
V
22769
N
22770
22577
D
0.6834
0
0.16586
0.06925
V
22770
N
22771
22769
22962
22578
D
0.40072
0
0
V
22771
N
22772
22770
22963
22579
D
0.25674
0.09553
0
0
V
22772
N
22773
22771
22964
22580
D
0.3028
0
0.02017
0.22391
0.24481
V
22773
N
22774
22772
22965
22581
D
0.61795
0
V
22774
N
22773
22966
22582
D
0.27429
0
0.04476
0.67563
V
22962
N
22963
23154
22770
D
0.21375
0
0.16687
0.57377
0
V
22963
N
22964
22962
23155
22771
D
0.10011
0.13527
0
0
V
22964
N
22965
22963
23156
22772
D
0.00609
0.00054
0
0.99296
V
22965
N
22966
22964
23157
22773
D
0.1354
0
V
22966
N
22965
23158
22774
D
0.17387
0.40476
0
0.23507
V
23154
N
23155
23346
22962
D
0.11608
0.61192
0
0
V
23155
N
23156
23154
23347
22963
D
0.00248
0.00854
0
0.0003
0.13987
0.84025
V
23156
N
23157
23155
23348
22964
D
0.37962
0
V
23157
N
23158
23156
23349
22965
D
0.49386
0
0.27975
V
23158
N
23157
22966
D
0.31617
0
V
23346
N
23347
23538
23154
D
0.06843
0.09417
0.24783
0
0.10193
V
23347
N
23348
23346
23539
23155
D
0.28188
0
0
V
23348
N
23349
23347
23540
23156
D
0.02199
0
0.01365
0
0.27066
V
23349
N
23348
23157
D
0.04119
0
V
23535
N
23727
D
0.4574
0
V
23538
N
23539
23730
23346
D
0.33206
0
0.01214
0
0.62653
V
23539
N
23540
23538
23731
23347
D
0.13162
0.33301
0.06835
0.13413
0
0.30858
V
23540
N
23539
23732
23348
D
0.39337
0.60663
V
23727
N
23728
23535
D
0.0092
0.04201
0.02162
8e-05
0.92709
V
23728
N
23729
23727
23920
D
0.22072
0.16316
0
0.12217
V
23729
N
23730
23728
23921
D
0.07914
0.00165
0.91214
0.00024
0
0.00624
V
23730
N
23731
23729
23922
23538
D
0.08869
0.06695
0.45372
0.26879
0.09704
0.02481
V
23731
N
23732
23730
23923
23539
D
0.17621
0.02812
0
0.00108
0.54188
V
23732
N
23731
23540
D
0.57914
0
0
V
23920
N
23921
23728
D
0.97388
0
V
23921
N
23922
23920
24113
23729
D
0.17608
0.54282
0.2811
V
23922
N
23923
23921
24114
23730
D
0.01845
0
V
23923
N
23922
24115
23731
D
0.48138
0
0
V
24113
N
24114
24305
23921
D
0.09379
0.90621
V
24114
N
24115
24113
24306
23922
D
0.65481
0.01928
0
0.22076
V
24115
N
24114
24307
23923
D
0.81225
0
0
V
24305
N
24306
24497
24113
D
0.44078
0
0.15897
0.09026
0.0801
V
24306
N
24307
24305
24498
24114
D
0.32429
0.26884
0
0.10688
V
24307
N
24306
24115
D
0.04003
0
V
24497
N
24498
24305
D
0.00243
0
0.12535
0.77198
0.00442
0.01787
V
24498
N
24497
24306
D
0.00959
0.72902
0
0.00102
0.02651
0.07648
