i_20_1_14_FR_lak101d
14
lak101d
A
0
10
12
11
V
10
N
11
17
D
0.02234
0.79331
0
0
0.08502
V
11
N
10
18
D
0.01687
0.01455
0.51202
0.29965
0.13509
0
V
17
N
18
24
10
D
0.83091
0
V
18
N
19
17
25
11
D
0.24821
0
V
19
N
20
18
26
D
0.50195
0
0.28358
V
20
N
21
19
27
D
0.15491
0
0
0.14153
0.23935
V
21
N
20
D
0.29601
0.70399
V
24
N
25
31
17
D
0.70775
0.29225
V
25
N
26
24
32
18
D
0.31114
0
V
26
N
27
25
33
19
D
0.98983
0
V
27
N
26
20
D
0.45754
0
0.02791
0
0.16148
V
31
N
32
38
24
D
0.03072
0
V
32
N
33
31
39
25
D
0.14097
0.02487
0
0
V
33
N
32
40
26
D
0.08878
0.19214
0
0.58213
0.11937
V
38
N
39
45
31
D
0.21384
0
0
0.03675
V
39
N
40
38
46
32
D
0.16971
0
0.44785
V
40
N
39
47
33
D
0.03215
0.00527
0
V
45
N
46
38
D
0.16277
0.70275
0
0
0.06725
V
46
N
47
45
39
D
0.02433
0
0
V
47
N
46
40
D
0.02851
0
0.17213
0.55589
