i_22_1_15_FR_den404d
15
den404d
A
0
10
15
10
V
10
N
11
17
D
0.02829
0
0.00712
0.01028
0
V
11
N
12
10
18
D
0.77813
0
V
12
N
13
11
19
D
0.14498
0
0
0.06815
V
13
N
12
20
D
0.05424
0
0.06182
V
17
N
18
24
10
D
0.10971
0
0.33814
0
V
18
N
19
17
11
D
0.07517
0
0.01603
0
V
19
N
20
18
12
D
0.08939
0
0.03435
0
V
20
N
21
19
13
D
0.20995
0
0.23186
V
21
N
20
28
D
0.07256
0
0
V
24
N
17
D
0.07395
0
0.48679
0
V
28
N
35
21
D
0.26012
0.15766
0
0
0.01129
V
35
N
42
28
D
0.38444
0
0
0.52169
V
39
N
40
46
D
0.18956
0
0.03379
0.00343
0.15228
0.57524
V
40
N
41
39
47
D
0.03751
0.92683
0
V
41
N
42
40
48
D
0.0035
0.00367
0.27745
0
0
V
42
N
41
35
D
0.06216
0.78996
0
0.01059
0.00159
0.13433
V
46
N
47
53
39
D
0.17951
0
0
0.11702
V
47
N
48
46
54
40
D
0.11396
0
0.01013
0.2566
0.04861
0.08617
V
48
N
47
55
41
D
0.03128
0
0
8e-05
0.01649
V
53
N
54
46
D
0.26171
0
0.44546
0
V
54
N
55
53
47
D
0.04595
0.81383
0
0
0.00095
V
55
N
54
48
D
0.08646
0
0
0.75748
