i_23_1_15_FR_lak107d
15
lak107d
A
0
6
11
6
V
6
N
15
D
0.41104
0.17771
0
0.00174
V
12
N
13
21
D
0.27225
0
0.22274
V
13
N
14
12
22
D
0.00604
0
0.47174
0
V
14
N
15
13
23
D
0.05025
0.04417
0
0.04349
0.75917
V
15
N
16
14
24
6
D
0.44696
0.33638
0.06182
0
0.00495
V
16
N
15
25
D
0.01951
0.30239
0.00542
0
V
20
N
21
29
D
0.03737
0.03651
0.05424
0
V
21
N
22
20
30
12
D
0.44389
0.01021
0.39094
0.15496
V
22
N
23
21
13
D
0.00552
0.03104
0.62898
0
0.00607
V
23
N
24
22
14
D
0.32381
0
0.11245
0.39604
V
24
N
25
23
33
15
D
0.15546
0
0.45417
0.14227
0.00155
0.01178
V
25
N
26
24
34
16
D
0.02335
0.00932
0.15471
0.23778
0.12711
0
V
26
N
25
35
D
0.02409
0.02957
0
0
V
29
N
30
38
20
D
0.14244
0
0.01977
0.58149
V
30
N
29
21
D
0.81206
0
0
V
33
N
34
24
D
0.41337
0
0
V
34
N
35
33
43
25
D
0.2654
0.20092
0
0.02722
0
V
35
N
34
44
26
D
0.38853
0.39383
0.18339
0
V
38
N
29
D
0.45288
0.3545
0
0.03626
V
43
N
44
34
D
0.38698
0.0367
0
0
V
44
N
43
53
35
D
0.0781
0
0
V
49
N
D
0.57825
0
0.2099
V
53
N
44
D
0.90079
0
