i_233_5_54_FR_hrt001d
54
hrt001d
A
0
55
31
48
A
1
55
33
51
A
2
55
49
30
A
3
55
30
14
A
4
55
50
46
V
55
N
56
81
D
0.43259
0
0.56129
V
56
N
57
55
D
0.20977
0.25773
0.10271
0
0.06928
V
57
N
56
83
D
0.13547
0
0.01522
0.72134
0.01905
V
59
N
85
D
0.34865
0
V
80
N
81
D
0.20299
0
0.3176
0.46185
V
81
N
80
107
55
D
0.76246
0
0.08023
0.12119
V
83
N
84
57
D
0.08763
0
0
0.04709
0.29381
V
84
N
85
83
110
D
0.67446
0.04784
0.00575
0
0.01126
V
85
N
84
111
59
D
0.00782
0.7033
0
0
V
107
N
108
133
81
D
0.4056
0.41619
0.17821
V
108
N
107
134
D
0.43282
0
V
110
N
111
84
D
0.54798
0
0.44255
V
111
N
110
85
D
0.27094
0
0
V
133
N
134
159
107
D
3e-05
0
0
0.99931
0.00047
V
134
N
133
160
108
D
0.00042
0.71245
0.0002
0.03236
0.00177
0.03646
0.21634
V
158
N
159
184
D
0.96554
0
0
V
159
N
160
158
185
133
D
0.43532
0
0
V
160
N
161
159
186
134
D
0.20209
0
V
161
N
162
160
187
D
0.23443
0.0003
0.0131
0
0.70012
4e-05
V
162
N
163
161
188
D
0.00887
0.02471
0.01496
0.00054
0.03051
0
V
163
N
162
189
D
0.07012
0
0.03162
V
184
N
185
158
D
0.23935
0
V
185
N
186
184
211
159
D
0.59546
0
0.34228
0
V
186
N
187
185
212
160
D
0.10177
0
0
0.0336
V
187
N
188
186
213
161
D
0.21643
0
0.40887
0.10956
V
188
N
189
187
214
162
D
0.23359
0.03692
0.00053
0
V
189
N
188
215
163
D
0.2501
0
V
211
N
212
237
185
D
0.05963
0.01417
0.00214
0.31379
0
0.07598
V
212
N
213
211
238
186
D
0.05091
0
0
V
213
N
214
212
239
187
D
0.07242
0.03794
0.67921
0
V
214
N
215
213
240
188
D
0.12906
0.03528
0
0.00627
0.00826
V
215
N
214
241
189
D
0.30861
0.00063
0.67429
0.01647
V
237
N
238
263
211
D
0.0577
0
0.0188
0.02919
0.80542
0.04302
V
238
N
239
237
264
212
D
0.48803
0
0
V
239
N
240
238
265
213
D
0.32782
0.06089
0.072
0.23188
0
V
240
N
241
239
266
214
D
0.53719
0
V
241
N
242
240
267
215
D
0.01035
0
V
242
N
241
D
0.03216
0
0
0.71204
V
263
N
264
289
237
D
0.919
0.00749
0
0.03338
V
264
N
265
263
290
238
D
0.00268
0
0.0031
0.01897
0.00664
V
265
N
266
264
291
239
D
0.40031
0.01992
0.0159
0.42315
0
V
266
N
267
265
240
D
0.26686
0
0.44037
0
V
267
N
266
293
241
D
0.01382
0
0
0.66615
V
288
N
289
D
0.39509
0.1067
0
0.35142
0.10295
0.00084
V
289
N
290
288
263
D
0.10065
0.84668
0
V
290
N
291
289
316
264
D
0.01769
0.00032
0
V
291
N
290
317
265
D
0.24259
0.10171
0
0.01715
0.61374
V
293
N
319
267
D
0.0059
0.22481
0.04832
0.03547
0.49614
0.18936
V
295
N
296
D
0.06259
0
V
296
N
297
295
322
D
0.06752
0.20766
0
0
V
297
N
298
296
323
D
0.03311
0.3679
2e-05
0.41174
9e-05
0.18714
V
298
N
299
297
324
D
0.05237
0
0.00411
0.08408
0.57882
V
299
N
300
298
325
D
0.02778
0.55873
0
V
300
N
299
326
D
0.19065
0
0.27983
0.4824
V
303
N
304
329
D
0.20108
0
V
304
N
305
303
330
D
0.02491
0.76863
0
0
0.13934
V
305
N
306
304
331
D
0.40644
0.02
0
V
306
N
305
332
D
0.01146
0.00468
0.88131
0
0
V
308
N
309
D
0.36255
0.49264
0.14481
V
309
N
310
308
335
D
0.20155
0.07322
0.69286
0
0.02544
V
310
N
309
336
D
0.0849
0.65689
0
0.01868
V
316
N
317
342
290
D
0.10666
0
0.79625
0.02141
V
317
N
316
343
291
D
0.90012
0
V
319
N
320
345
293
D
0.07052
0
0.01563
0.00912
0.09583
V
320
N
319
346
D
0.81877
0.10377
0.07746
V
322
N
323
348
296
D
0.4735
0
0.19429
0.28954
0
V
323
N
324
322
349
297
D
0.75891
0.19325
0
V
324
N
325
323
350
298
D
0.39099
0.33718
0
V
325
N
326
324
351
299
D
0.30451
0
V
326
N
327
325
352
300
D
0.44444
0
0
0.26294
V
327
N
328
326
353
D
0.02857
0.2606
0.69392
0
0.00683
V
328
N
329
327
354
D
0.23758
0.76242
V
329
N
330
328
355
303
D
0.12084
0
0
0.68169
0.1353
V
330
N
331
329
356
304
D
0.22495
0
0.01508
0.41597
0.02814
V
331
N
332
330
357
305
D
0.35883
0
V
332
N
333
331
358
306
D
0.03132
0.2596
0.02457
0
0
V
333
N
332
359
D
0.12786
0
0
0.13849
0.03772
V
335
N
336
361
309
D
0.00556
0.66286
0.31224
0.01934
V
336
N
337
335
362
310
D
0.22448
0
0
V
337
N
336
363
D
0.03507
0.36276
0
V
340
N
D
0.0351
0
0.00678
0.02423
0.00346
0.84807
V
342
N
343
368
316
D
0.07904
0
0
V
343
N
344
342
369
317
D
0.25077
0
0.56612
0
V
344
N
345
343
370
D
0.03562
0.66495
0
0
V
345
N
346
344
371
319
D
0.83467
0
V
346
N
347
345
372
320
D
0.04538
0.0578
0.0717
0
0
V
347
N
348
346
373
D
0.06222
0
0.56888
V
348
N
349
347
374
322
D
0.00752
0.01129
0.00396
0.00048
0.97087
0.00588
V
349
N
350
348
375
323
D
0.04214
0.03179
0.05541
0
V
350
N
351
349
376
324
D
0.57546
0
V
351
N
352
350
377
325
D
0.38991
0.58827
0.0188
0
V
352
N
353
351
378
326
D
0.47051
0.16015
0
V
353
N
354
352
379
327
D
0.26062
0.20399
0
0.04149
0.04242
0.1899
V
354
N
355
353
380
328
D
0.00396
0.01487
0.44844
0.53252
3e-05
9e-05
9e-05
V
355
N
356
354
381
329
D
0.0053
0.00559
0.00136
0.00053
0.13277
0.00032
0.85413
V
356
N
357
355
382
330
D
0.678
0
V
357
N
358
356
383
331
D
0.30752
0.00246
0
0.09645
0.32252
V
358
N
359
357
384
332
D
0.08599
0
0.52755
0
V
359
N
360
358
385
333
D
0.82881
0
0
0.06042
V
360
N
361
359
386
D
0.00057
0
0.00311
0.01876
V
361
N
362
360
387
335
D
0.65742
0
V
362
N
363
361
388
336
D
0.88202
0
0.00466
0.00094
0.0005
0.08735
V
363
N
364
362
389
337
D
0.32843
0.11363
0
0
0.12407
V
364
N
363
390
D
0.1527
0
V
368
N
369
394
342
D
0.27548
0
0
V
369
N
370
368
395
343
D
0.74278
0
V
370
N
371
369
396
344
D
0.03967
0
0.0036
0.03473
0.02668
0.00971
V
371
N
372
370
397
345
D
0.04089
0.30064
0
0.14385
V
372
N
373
371
398
346
D
0.65766
0.08941
0.08035
0
0.06541
V
373
N
374
372
399
347
D
0.40514
0
V
374
N
375
373
400
348
D
0.21419
0.35288
0
V
375
N
376
374
401
349
D
0.89192
0.07947
0
V
376
N
377
375
402
350
D
0.33759
0
0.58296
V
377
N
378
376
403
351
D
0.15869
0
0
V
378
N
379
377
404
352
D
0.57889
0
0
V
379
N
380
378
405
353
D
0.12651
0
V
380
N
381
379
406
354
D
0.06632
0.93368
V
381
N
382
380
407
355
D
0.04894
0.02656
0.0797
0
0.00182
0.84108
V
382
N
383
381
356
D
0.09648
0.31541
0
0
0.22344
V
383
N
384
382
409
357
D
0.39853
0.28756
0
0.29452
0
V
384
N
385
383
410
358
D
0.79301
0
V
385
N
386
384
411
359
D
0.48526
0.35243
0
V
386
N
387
385
412
360
D
0.48687
0.18251
0.00674
0.01344
0.31044
V
387
N
388
386
413
361
D
0.09865
0.24864
0.02537
0.37887
0
0.18033
V
388
N
389
387
414
362
D
0.05337
0.76701
0
0.14273
V
389
N
390
388
415
363
D
0.96454
0
V
390
N
389
416
364
D
0.15826
0
V
392
N
418
D
0.53197
0.06362
0.06325
0.14453
0
0.16261
V
394
N
395
420
368
D
0.34244
0
0.01241
0
V
395
N
396
394
421
369
D
0.19497
0
0.03224
0.40584
0.10783
0.02015
V
396
N
397
395
370
D
0.12639
0.64948
0.21947
0
V
397
N
398
396
423
371
D
0.38459
0
0.15848
0.00742
0.00088
V
398
N
399
397
424
372
D
0.03362
0
0
0
V
399
N
400
398
373
D
0.37909
0
0
V
400
N
401
399
426
374
D
0.59514
0
0.25274
V
401
N
402
400
427
375
D
0.22189
0.51326
0.02045
0.24431
0
V
402
N
403
401
428
376
D
0.01928
0.10774
0.0764
0
0
V
403
N
404
402
429
377
D
0.01208
0.98792
V
404
N
405
403
430
378
D
0.21327
0.10008
0.19384
0.44191
0
V
405
N
406
404
431
379
D
0.58873
0
0.38279
V
406
N
407
405
380
D
0.00503
0.9177
0.00509
0
0.04884
0.02249
V
407
N
406
433
381
D
0.00411
0.02152
0.73813
0
0.01642
V
409
N
410
435
383
D
0.81641
0
V
410
N
411
409
436
384
D
0.07751
0.12483
0
0.07249
0.13429
0.45536
V
411
N
412
410
437
385
D
0.5336
0.00609
0
V
412
N
413
411
438
386
D
0.20855
0.30723
0
V
413
N
414
412
439
387
D
0.45184
0
0
V
414
N
415
413
440
388
D
0.42511
0
0.49493
V
415
N
416
414
441
389
D
0.95894
0.00071
0.02134
0.00503
0.01398
V
416
N
415
390
D
0.38613
0.22158
0.00393
0.18052
0
V
418
N
444
392
D
0.17887
0
0.18907
0.39569
0.08571
V
420
N
421
446
394
D
0.40183
0.2374
0.24132
0
0.00865
V
421
N
420
447
395
D
0.24639
0
0.45209
V
423
N
424
449
397
D
0.00029
2e-05
0
0
V
424
N
423
398
D
0.26882
0
0.46144
0
0.08294
V
426
N
427
452
400
D
0.92666
0
0.06642
0
V
427
N
428
426
453
401
D
0.3769
0.01648
0
0.09762
V
428
N
429
427
454
402
D
0.12088
0
0.05826
0.34246
0.20813
V
429
N
430
428
455
403
D
0.92636
0
V
430
N
431
429
456
404
D
0.04375
0.07465
0
0.82656
V
431
N
430
457
405
D
0.01294
0.95549
0
0
V
433
N
434
459
407
D
0.06289
0
0.43262
0.15267
V
434
N
435
433
460
D
0.00242
0.01844
0.37777
0.05007
0.31252
0.23878
V
435
N
436
434
461
409
D
0.09048
0.28247
0.00088
0.00102
0.40252
0
V
436
N
437
435
462
410
D
0.29087
0
0.03948
0.00208
0.28117
0.38582
V
437
N
438
436
463
411
D
0.04085
0
0.0019
3e-05
0.93712
0.01639
V
438
N
439
437
464
412
D
0.45004
0
V
439
N
440
438
413
D
0.14267
0
0.00911
0.8475
V
440
N
441
439
414
D
0.58256
0.31582
0
V
441
N
440
415
D
0.43174
0.15418
0.14158
0
V
444
N
445
418
D
0.51364
0
V
445
N
446
444
471
D
0.35554
0
0
V
446
N
447
445
472
420
D
0.30714
0.03392
0
V
447
N
448
446
473
421
D
0.06488
0
V
448
N
449
447
474
D
0.8543
0
V
449
N
448
475
423
D
0.551
0.4193
0
0.02795
V
451
N
452
D
0.18338
0
0.37613
0.04289
0
V
452
N
453
451
426
D
0.1111
0.40992
0
0.44577
V
453
N
454
452
427
D
0.67818
0.07315
0.07667
0.16067
0
V
454
N
455
453
428
D
0.24566
0.5184
0.23594
V
455
N
456
454
429
D
0.00693
0
0.03457
0
0.47586
V
456
N
457
455
430
D
0.48638
0.00466
0.40504
0
V
457
N
458
456
431
D
0.43839
0.07201
0
0
0.00147
V
458
N
459
457
D
0.98232
0
V
459
N
460
458
433
D
0.4546
0
0
V
460
N
461
459
434
D
0.5416
0.37902
0
0
V
461
N
462
460
435
D
0.00663
0
V
462
N
463
461
436
D
0.03231
0
0.0085
0.95215
0
V
463
N
464
462
437
D
0.68635
0
0
0.17339
V
464
N
463
438
D
0.16743
0
0.0674
0
V
471
N
472
445
D
0.59317
0.23657
0
V
472
N
473
471
498
446
D
0.32861
0
V
473
N
474
472
499
447
D
0.36184
0
0.02137
V
474
N
475
473
448
D
0.23677
0
0
V
475
N
474
501
449
D
0.35079
0.14874
0.35831
0
V
498
N
499
524
472
D
0.64753
0
V
499
N
498
525
473
D
0.45295
0
0
V
501
N
502
475
D
0.36799
0.02631
0
0
0.2378
V
502
N
501
D
0.00484
0
0.52702
0
0.00202
V
524
N
525
550
498
D
0.09714
0.01808
0
0
0.12829
V
525
N
524
551
499
D
0.62219
0
0
0
V
549
N
550
575
D
0.05029
0
0
0.03069
V
550
N
551
549
576
524
D
0.05827
0.94173
V
551
N
552
550
577
525
D
0.23582
0
0.0827
0.00076
V
552
N
553
551
578
D
0.44438
0
0.06022
0.06119
0.3386
V
553
N
554
552
579
D
0.50249
0
V
554
N
553
580
D
0.63507
0.01211
0.24046
0
V
574
N
575
D
0.02326
0.92025
0
V
575
N
576
574
549
D
0.38077
0.45115
0
0
V
576
N
577
575
602
550
D
0.96161
0
0
V
577
N
578
576
603
551
D
0.07546
0
0.88217
V
578
N
579
577
604
552
D
0.72426
0
0
V
579
N
580
578
553
D
0.3986
0
V
580
N
579
606
554
D
0.32781
0.20428
0
0
V
602
N
603
628
576
D
0.13577
0.17751
0.01047
0.47444
0
V
603
N
604
602
629
577
D
0.4932
0.30169
0
0.00122
V
604
N
603
630
578
D
0.53713
0.30668
0
V
606
N
632
580
D
0.25716
0
V
626
N
627
D
0.01321
0.03726
0
0.033
0.10426
V
627
N
628
626
653
D
0.67836
0
V
628
N
629
627
654
602
D
0.31513
0
0.2263
0.2069
V
629
N
630
628
655
603
D
0.43401
0.44135
0.09115
0.01077
0
V
630
N
629
656
604
D
0.62083
0.09249
0
0
V
632
N
606
D
0.79027
0
V
653
N
654
679
627
D
0.88084
0.07681
0.02257
0
0
V
654
N
655
653
680
628
D
0.27122
0
V
655
N
656
654
681
629
D
0.50764
0.05528
0.32555
0
V
656
N
657
655
682
630
D
0.64589
0.31603
0
V
657
N
656
D
0.26323
0
0.2421
0.22293
V
679
N
680
653
D
0.12677
0.33482
0
0.05749
V
680
N
681
679
654
D
0.04516
0
0.35656
0.3121
0
V
681
N
682
680
655
D
0.04315
0.03334
0.34676
0
0.43253
0.01666
V
682
N
681
656
D
0.10167
0.0378
0.7064
0.00049
0.06021
0.09343
