i_265_6_54_FR_orz000d
54
orz000d
A
0
10
47
3
A
1
10
31
28
A
2
10
51
15
A
3
10
42
5
A
4
10
30
7
A
5
10
27
19
V
10
N
11
30
D
0.50293
0.0006
0
0.03679
0.17167
V
11
N
12
10
31
D
0.00214
0.10786
0.60264
0.17476
0.11231
0
V
12
N
11
32
D
0.00038
0.25339
0.0157
0.00055
0
0.00032
V
29
N
30
49
D
0.05258
0.03685
0
0.01325
0.15185
0.31943
V
30
N
31
29
50
10
D
0.2341
0
0
V
31
N
32
30
51
11
D
0.47783
0
0.22936
0.08914
0
V
32
N
33
31
52
12
D
0.4977
0.00031
0
0.25847
V
33
N
32
53
D
0.99438
0
V
48
N
49
68
D
0.93308
0
V
49
N
50
48
69
29
D
0.00481
0
0
0.54661
V
50
N
51
49
70
30
D
0.08983
0
0
V
51
N
52
50
71
31
D
4e-05
0.96792
0
0
V
52
N
53
51
72
32
D
0.19469
0.01649
0.53127
0
0.18469
V
53
N
54
52
33
D
0.25362
0.00797
0
0.06211
V
54
N
53
74
D
0.11022
0
0.06997
0.07754
0.38638
0.34244
V
67
N
68
87
D
0.92647
0
V
68
N
69
67
88
48
D
0.87355
0
0.01804
V
69
N
70
68
89
49
D
0.91744
0
0.01114
V
70
N
71
69
90
50
D
0.54694
0
0
0
V
71
N
72
70
91
51
D
0.30939
0
V
72
N
71
92
52
D
0.03944
0
0
0.07027
V
74
N
75
54
D
0.2667
0.08373
0.06739
0.03094
0.0159
0
V
75
N
74
95
D
0.309
0.16895
0.45807
0.06398
V
86
N
87
D
0.16875
0.00225
0.827
0.002
V
87
N
88
86
107
67
D
0.00768
0
0.75926
0.13348
0
V
88
N
89
87
108
68
D
0.07994
0.16126
0.61403
0.042
0
V
89
N
90
88
109
69
D
0.36039
0.02469
0
0.01363
0.55053
V
90
N
91
89
110
70
D
0.03032
0.36639
0.18948
0
0
V
91
N
92
90
71
D
0.06296
0.09162
0
0
0.15129
V
92
N
93
91
72
D
0.43069
0
0
V
93
N
92
113
D
0.74232
0.25768
V
95
N
75
D
0.1806
0
0.40846
0.0105
V
107
N
108
87
D
0.223
0.04549
0.18352
0.25998
0
V
108
N
109
107
128
88
D
0.46814
0.32731
0.17731
0.02724
V
109
N
110
108
129
89
D
0.04547
0.04122
0
0.03669
V
110
N
109
90
D
0.01641
0.58976
0.35323
0
V
113
N
133
93
D
0.03735
0
0
V
128
N
129
148
108
D
0.6146
0.03114
0.24207
0.08102
0
V
129
N
128
149
109
D
0.00045
0.95058
0.00196
0.0468
0
V
133
N
153
113
D
0.78573
0.21427
V
148
N
149
168
128
D
0.07185
0.02867
0
0.37467
0.10372
V
149
N
148
169
129
D
0.7773
0.05897
0.01033
0.014
0
V
153
N
173
133
D
0.00146
0
0.97957
0
0.00114
V
167
N
168
187
D
0.04407
0.02276
0
0
V
168
N
169
167
188
148
D
0.01788
0
0.00062
0
0.42487
V
169
N
170
168
189
149
D
0.06966
0
V
170
N
171
169
190
D
0.80164
0
V
171
N
172
170
191
D
0.17762
0.35497
0.20955
0.02084
0
V
172
N
173
171
192
D
0.00259
0
0
V
173
N
174
172
193
153
D
0.28464
0
0.2366
0
V
174
N
173
194
D
0.01895
0
0
V
186
N
187
206
D
0.25051
0
V
187
N
188
186
207
167
D
0.6219
0.12644
0.02849
0.22004
0
V
188
N
189
187
208
168
D
0.01703
0.02247
0.64243
0.04087
0.16781
0
V
189
N
190
188
209
169
D
0.15656
0
0
V
190
N
191
189
210
170
D
0.12543
0
1e-05
0.82549
0
V
191
N
192
190
211
171
D
0.08274
0.73914
0.01742
0
0.08751
V
192
N
193
191
212
172
D
0.62819
0
V
193
N
194
192
213
173
D
0.0241
0
0.03811
0.01245
0
V
194
N
195
193
214
174
D
0.01325
0
0.20311
0
V
195
N
194
215
D
0.29061
0.0116
0
0.29819
0.03829
0.34648
V
206
N
207
226
186
D
0.79899
0
0.02049
0.03811
0.01703
0.04507
V
207
N
208
206
227
187
D
0.38138
0.05709
0
0.3438
V
208
N
209
207
228
188
D
0.00014
0
0.03389
0.03182
0.02584
0.00018
V
209
N
210
208
229
189
D
0.05305
0.15547
0
V
210
N
211
209
230
190
D
0.98239
0
V
211
N
212
210
191
D
0.1053
0.74719
0.06697
0.03239
0
V
212
N
213
211
232
192
D
0.18227
0
0.26433
0
V
213
N
214
212
233
193
D
0.01447
0.25163
0
0.61666
0.09825
V
214
N
215
213
234
194
D
0.03056
0
0.26079
0.63163
V
215
N
214
235
195
D
0.77359
0
0.05713
0
V
226
N
227
246
206
D
0.58839
0
0
V
227
N
228
226
247
207
D
0.96303
0
V
228
N
229
227
248
208
D
0.05885
0
0.49049
0.25877
0.12841
0.03737
V
229
N
230
228
249
209
D
0.83334
0.05008
0
V
230
N
229
250
210
D
0.21658
0
0
0.66015
V
232
N
233
252
212
D
0.01804
0.34033
0
0.31826
V
233
N
234
232
253
213
D
0.18511
0.28162
0
0.09086
0.1978
V
234
N
235
233
254
214
D
0.27738
0
0
0.02418
0.00614
V
235
N
234
255
215
D
0.3484
0.6516
V
246
N
247
266
226
D
0.00806
0
0.20446
0
V
247
N
248
246
267
227
D
0.06825
0.62381
0.10972
0
0.09198
0.07393
V
248
N
249
247
268
228
D
0.53553
0.12912
0.26941
0.02688
0.03552
0
V
249
N
250
248
269
229
D
0.0227
0.59465
0
0.09311
0.09556
V
250
N
251
249
270
230
D
0.17741
0.13315
0.4057
0
V
251
N
252
250
271
D
0.45745
0.05888
0.3787
0
0.08252
V
252
N
253
251
272
232
D
0.24768
0
0.36211
0.04017
0.06932
V
253
N
254
252
273
233
D
0.8625
0.08206
0
0.01427
0
V
254
N
255
253
274
234
D
0.06423
0.92553
0
V
255
N
254
275
235
D
0.16638
0
0.03621
0
V
266
N
267
286
246
D
0.30925
0.36569
0
V
267
N
268
266
287
247
D
0.6897
0.12214
0.1826
0.00556
V
268
N
269
267
288
248
D
0.97936
0
V
269
N
270
268
289
249
D
0.00967
0
0.59422
0
V
270
N
271
269
290
250
D
0.00118
0.02517
0.01761
0.72027
0.17583
0.00011
0.05983
V
271
N
272
270
291
251
D
0.00069
0.84827
0.04525
0
0.10578
V
272
N
273
271
292
252
D
0.01303
0.38278
0.00982
0.00737
0.587
V
273
N
274
272
293
253
D
0.21615
0
V
274
N
275
273
294
254
D
0.12559
0
0.62069
0.02371
0.11969
V
275
N
274
295
255
D
0.41856
0
0
V
286
N
287
306
266
D
0.29933
0.57069
0.08826
0
0.02124
V
287
N
288
286
307
267
D
0.00736
0.9556
0
0.00403
V
288
N
289
287
308
268
D
0.75703
0.01803
0
0.12534
0.00065
V
289
N
290
288
309
269
D
0.00797
0.97038
0.00702
0.00822
0.00336
0.00305
V
290
N
291
289
310
270
D
0.29165
0
0.02813
0.66069
0.0031
V
291
N
292
290
311
271
D
0.47821
0
0.08057
0
V
292
N
293
291
312
272
D
0.00664
0.90443
0
0.02354
V
293
N
294
292
313
273
D
0.46315
0.113
0
0
V
294
N
295
293
314
274
D
0.3126
0.58861
0
0.01661
V
295
N
294
315
275
D
0.57363
0
V
306
N
307
326
286
D
0.02581
0
0
0.00716
V
307
N
308
306
327
287
D
0.86864
0.00888
0.05054
0.03454
0
V
308
N
309
307
328
288
D
0.05153
0.91158
0.00089
0.03013
0
V
309
N
310
308
329
289
D
0.00719
0
0.79754
0.01014
0
V
310
N
311
309
330
290
D
0.1399
0
0
V
311
N
312
310
331
291
D
0.33964
0.07211
0
0.58305
V
312
N
313
311
332
292
D
0.4321
0
V
313
N
314
312
333
293
D
0.01606
0.38004
0
0
V
314
N
315
313
334
294
D
0.08409
0
0.00695
V
315
N
314
335
295
D
0.05869
0.14177
0.02382
0.74948
0
V
326
N
327
346
306
D
0.15164
0.02987
0
V
327
N
328
326
347
307
D
0.06286
0.03907
0
0.76911
0
V
328
N
329
327
348
308
D
0.33714
0.04924
0
0.29783
V
329
N
330
328
349
309
D
0.30416
0
V
330
N
331
329
350
310
D
0.03449
0.70389
0.17063
0
V
331
N
332
330
311
D
0.60727
0
0.06201
0.28915
V
332
N
333
331
352
312
D
0.28964
0
0.15013
0.51215
V
333
N
334
332
353
313
D
0.88758
0
0
0.00792
V
334
N
335
333
354
314
D
0.00075
0.41363
0.3792
0.00088
0
0.19637
V
335
N
334
355
315
D
0.98825
0
0.00459
0
V
346
N
347
366
326
D
0.16797
0.41719
0.41484
V
347
N
348
346
367
327
D
0.2453
0.35743
0
0.15728
V
348
N
349
347
368
328
D
0.4203
0.17775
0.0119
0
0.00675
V
349
N
350
348
369
329
D
0.58376
0
V
350
N
349
370
330
D
0.02625
0
0.18879
V
352
N
353
372
332
D
0.92419
0
0.02009
0.05485
V
353
N
354
352
373
333
D
0.16562
0
0
0.07333
0.10148
V
354
N
355
353
374
334
D
0.00027
0.03776
0.86212
0
0
V
355
N
354
375
335
D
0.21823
0.04778
0.38514
0.25516
0.08952
0
V
366
N
367
386
346
D
0.85113
0
V
367
N
368
366
387
347
D
0.18091
0
0.64572
0.07829
V
368
N
369
367
388
348
D
0.1021
0
0.33844
0.05153
V
369
N
370
368
389
349
D
0.17913
0.11423
0
V
370
N
371
369
390
350
D
0.06802
0.00173
0.01844
3e-05
0.90896
0.00282
V
371
N
372
370
391
D
0.0713
0.77777
0
V
372
N
373
371
392
352
D
0.60089
0
0.11465
0.09991
V
373
N
374
372
393
353
D
0.14203
0.85394
0
0
V
374
N
375
373
394
354
D
0.22928
0
0.59464
V
375
N
374
395
355
D
0.21711
0.004
0
0.00344
0
V
386
N
387
406
366
D
0.16561
0
0.40996
0.25355
0
V
387
N
388
386
407
367
D
0.2218
0
0.2262
0.13561
0.0226
V
388
N
389
387
408
368
D
0.43904
0.25232
0
0
V
389
N
390
388
409
369
D
0.08989
0.16856
0
0
0.62853
V
390
N
391
389
410
370
D
0.46506
0.53494
V
391
N
392
390
411
371
D
0.46314
0
0.48863
0.0057
V
392
N
393
391
412
372
D
0.01182
0.01782
0.56764
0.37327
0.02154
0.00791
V
393
N
394
392
413
373
D
0.14657
0
V
394
N
395
393
414
374
D
0.73039
0
0.14225
V
395
N
394
415
375
D
0.35883
0.00391
0.00092
0.14047
0.48704
0
V
406
N
407
426
386
D
0.45226
0
0
V
407
N
408
406
427
387
D
0.09043
0
0.01319
V
408
N
409
407
428
388
D
0.03858
0
0.07514
0.74545
V
409
N
410
408
429
389
D
0.34643
0.58631
0
V
410
N
411
409
430
390
D
0.65712
0.04847
0.24391
0.0505
V
411
N
412
410
431
391
D
8e-05
0.06065
2e-05
0.72624
0.11071
0
V
412
N
413
411
432
392
D
0.70701
0.01713
0.27586
V
413
N
414
412
433
393
D
0.19474
0.02779
0.76739
0.01008
V
414
N
415
413
434
394
D
0.26575
0.45718
0
0.25571
V
415
N
414
435
395
D
0.65624
0
V
426
N
427
446
406
D
0.91088
0.08912
V
427
N
428
426
447
407
D
0.20753
0
0.22617
0.11994
V
428
N
429
427
448
408
D
0.08158
0
0.02318
0.64625
V
429
N
430
428
449
409
D
0.01727
0.77823
0.08018
0
0.01187
0.09383
V
430
N
431
429
450
410
D
0.74709
0
V
431
N
432
430
451
411
D
0.03862
0.12528
0.33311
0
0.33758
V
432
N
433
431
452
412
D
0.00114
0
0.00745
0
0.66413
V
433
N
434
432
453
413
D
0.35871
0
0.11883
0.28312
0.03899
V
434
N
435
433
454
414
D
0.13674
0.2426
0
0
0.01298
V
435
N
434
455
415
D
0.89393
0
V
446
N
447
466
426
D
0.20554
0
V
447
N
448
446
467
427
D
0.22171
0.77829
V
448
N
449
447
468
428
D
0.11087
0.32522
0
0.04529
V
449
N
450
448
469
429
D
0.00036
0.89449
0
0
0.00172
V
450
N
451
449
470
430
D
0.55247
0
V
451
N
452
450
431
D
0.00056
0.14138
0.06978
0.00794
0.77968
0.00034
0.00032
V
452
N
453
451
472
432
D
0.05169
0
0
V
453
N
454
452
473
433
D
0.54346
0.07025
0.0416
0.12874
0
V
454
N
455
453
474
434
D
0.06049
0.07461
0.36756
0.30084
0
V
455
N
454
475
435
D
0.14498
0.08953
0.76549
V
466
N
467
486
446
D
0.01269
0
0.04613
0.81279
V
467
N
468
466
487
447
D
0.01536
0.015
0.90141
0.06342
0.00481
V
468
N
469
467
488
448
D
0.02763
0
0
0.57887
V
469
N
470
468
489
449
D
0.1111
0
0.04457
0
0.3369
V
470
N
469
490
450
D
0.96443
0
V
472
N
473
492
452
D
0.24326
0.44385
0.07843
0
V
473
N
474
472
493
453
D
0.14622
0.78805
0.06573
V
474
N
475
473
494
454
D
0.1301
0
0.68858
V
475
N
474
495
455
D
0.02087
0.11395
0.00027
0.04309
0.43228
0.02087
0.36867
V
486
N
487
506
466
D
0.32802
0.56187
0
0.03229
V
487
N
488
486
507
467
D
0.79215
0.03217
0
0.07298
0.09974
V
488
N
489
487
508
468
D
0.30972
0.11543
0
V
489
N
490
488
509
469
D
0.30958
0.00881
0
0
V
490
N
491
489
510
470
D
0.62341
0.20194
0.14067
0.03398
V
491
N
492
490
511
D
0.0065
0.00249
0
0.01408
0.95321
0.01531
V
492
N
493
491
512
472
D
0.04161
0.19807
0.08312
0.07064
0
0.35216
V
493
N
494
492
513
473
D
0.3735
0
0
V
494
N
495
493
514
474
D
0.02378
0.92848
0
0.02722
0
V
495
N
494
515
475
D
0.04653
0
0.9293
V
506
N
507
486
D
0.00964
0.13777
0
0.00895
0.81317
0.00593
V
507
N
508
506
527
487
D
0.1179
0
0.17386
0.00674
0.24045
V
508
N
509
507
528
488
D
0.26098
0.73902
V
509
N
510
508
529
489
D
0.35588
0
V
510
N
511
509
530
490
D
0.00411
0
0.64474
0.00055
0.34869
V
511
N
512
510
531
491
D
0.18028
0.00531
0.33185
0.03566
0
0.05973
V
512
N
513
511
532
492
D
0.00299
0
0.07477
0.71272
0
V
513
N
514
512
533
493
D
0.00354
0
0
V
514
N
515
513
534
494
D
0.95738
0
V
515
N
514
495
D
0.45938
0
0
V
527
N
528
507
D
0.05433
0.11673
0
0.13436
V
528
N
529
527
548
508
D
0.00068
0
0.00536
0.00155
0.00258
V
529
N
530
528
549
509
D
0.04706
0
0.17977
0.02097
V
530
N
531
529
510
D
0.57658
0.36497
0
0.00516
V
531
N
532
530
511
D
0.34078
0.12046
0.2563
0.24471
0.03775
V
532
N
533
531
512
D
0.07573
0
0.88298
V
533
N
534
532
553
513
D
0.0615
0.10182
0
0.00662
0.33921
V
534
N
533
514
D
0.85695
0.01309
0.08896
0
0.00782
V
548
N
549
568
528
D
0.17412
0
0
0.1616
V
549
N
548
569
529
D
0.63188
0.04148
0.01926
0.30738
V
553
N
573
533
D
0.88394
0
0
0.00158
V
568
N
569
588
548
D
0.02916
0.04
0.19035
0
0
V
569
N
568
589
549
D
0.03654
0
0.52537
0.17624
V
573
N
593
553
D
0.97881
0.02119
V
588
N
589
608
568
D
0.91122
0
0
V
589
N
588
609
569
D
0.09419
0.05352
0.01284
0
0.25329
V
593
N
613
573
D
0.2999
0
0
0.34221
V
606
N
607
D
0.24179
0.41845
0.14953
0.11943
0.0708
V
607
N
608
606
627
D
0.39388
0.0046
0.02735
0.08228
0.49189
V
608
N
609
607
628
588
D
0.96677
0
0.02142
0.00171
V
609
N
610
608
629
589
D
0.28132
0.71868
V
610
N
611
609
630
D
0.25289
0.19897
0.00588
0
0.16045
0.22125
V
611
N
612
610
631
D
0.32403
0
V
612
N
613
611
632
D
0.09134
0.00128
0.15171
0
0
V
613
N
612
593
D
0.48381
0.23382
0
0.00274
0.13392
V
615
N
635
D
0.11551
0
0
0.761
V
627
N
628
607
D
0.24515
0
0.34978
0.32172
0.01631
V
628
N
629
627
648
608
D
0.00242
0
V
629
N
630
628
649
609
D
0.02937
0.03405
0.91356
0
V
630
N
631
629
650
610
D
0.10881
0.71736
0
0.02131
V
631
N
632
630
651
611
D
0.09495
0.8213
0.01852
0
V
632
N
631
652
612
D
0.23571
0
0.75164
0
V
634
N
635
654
D
0.09703
0
0
V
635
N
634
615
D
0.13073
0.01221
0
0
V
648
N
649
668
628
D
0.77175
0.22825
V
649
N
650
648
669
629
D
0.73659
0
0.00053
0.00924
0.00629
0.01341
V
650
N
651
649
670
630
D
0.28246
0
0.5623
0.02321
0.01718
V
651
N
652
650
671
631
D
0.90475
0
V
652
N
653
651
672
632
D
0.36897
0.5448
0
V
653
N
654
652
673
D
0.01995
0
0
V
654
N
653
634
D
0.77934
0.22066
V
668
N
669
648
D
0.82417
0
V
669
N
670
668
649
D
0.49375
0
0.19314
0
V
670
N
671
669
650
D
0.10112
0
0
V
671
N
672
670
651
D
0.17971
0.23096
0
V
672
N
673
671
652
D
0.02826
0
0
0.44924
V
673
N
672
653
D
0.03884
0.03714
0.17769
0.16721
0.01481
0.41784
0.14647
