i_268_9_75_FR_orz301d
75
orz301d
A
0
16
64
40
A
1
16
61
58
A
2
16
59
3
A
3
16
62
15
A
4
16
45
44
A
5
16
39
11
A
6
16
69
24
A
7
16
60
51
A
8
16
65
55
V
16
N
46
D
0.7431
0.06838
0.09919
0.00267
0
0.03204
V
45
N
46
75
D
0.04304
0
0.06456
0.80663
V
46
N
47
45
76
16
D
0.17288
0.02774
6e-05
0.0675
0.00011
0.3052
0.42651
V
47
N
46
77
D
0.00573
0
0.64415
0
V
75
N
76
105
45
D
0.09532
0.23599
0
V
76
N
77
75
106
46
D
0.12334
0.79777
0
V
77
N
76
107
47
D
0.45846
0
0.25192
V
105
N
106
135
75
D
0.3132
0.63538
0
V
106
N
107
105
136
76
D
0.45876
0.25405
0
V
107
N
106
137
77
D
0.55851
0
0.11519
0
V
135
N
136
165
105
D
0.60151
0.28348
0
0
0.02436
V
136
N
137
135
166
106
D
0.38746
0
0.18603
V
137
N
136
167
107
D
0.40323
0
0.0638
0.12277
0.39657
V
162
N
163
192
D
0.1099
0
0.27946
V
163
N
164
162
193
D
0.03478
0
V
164
N
165
163
194
D
0.0887
0.61523
0.21398
0.08209
V
165
N
166
164
195
135
D
0.27971
0.01081
0.0499
0.20087
0
0.43238
V
166
N
167
165
196
136
D
0.40943
0
0.285
0.15522
V
167
N
168
166
197
137
D
0.26371
0
0
V
168
N
169
167
198
D
0.11685
0.00094
0
0
V
169
N
170
168
199
D
0.05926
0
0.02571
0.87883
0
V
170
N
169
200
D
0.3674
0
0.004
0.40819
0.10701
V
192
N
193
222
162
D
0.64955
0.35045
V
193
N
194
192
223
163
D
0.31367
0
0
V
194
N
195
193
224
164
D
0.01308
0
0.13299
0
V
195
N
196
194
225
165
D
0.17799
0.2501
0.57191
V
196
N
197
195
226
166
D
0.04913
0
0
0.44532
V
197
N
198
196
227
167
D
0.07329
0.09386
0
0
V
198
N
199
197
228
168
D
0.41122
0.05516
0.14849
0.09496
0
V
199
N
200
198
229
169
D
0.0639
0.00639
0.38318
0.04686
0
V
200
N
199
230
170
D
0.18657
0
0
0.3475
V
222
N
223
192
D
0.44371
0.0055
0.39526
0
V
223
N
224
222
193
D
0.10152
0
0
V
224
N
225
223
194
D
0.11706
0.8391
0.00358
0
0.03947
V
225
N
226
224
255
195
D
0.01144
0.00013
0.00062
0
0.00092
0.91666
V
226
N
227
225
256
196
D
0.11205
0.69109
0.19686
V
227
N
228
226
257
197
D
0.56568
0
0.21962
0
V
228
N
229
227
198
D
0.52609
0
V
229
N
230
228
199
D
0.57453
0.26137
0
V
230
N
229
200
D
0.00099
0.17
0
0.13785
0
V
255
N
256
285
225
D
0.0675
0.00274
0.91898
0
V
256
N
257
255
286
226
D
0.0439
0.29972
0
0.31206
0
V
257
N
256
287
227
D
0.62808
0
V
285
N
286
315
255
D
0.26927
0.39333
0.06423
0.22277
0.0504
V
286
N
287
285
316
256
D
0.13392
0.2626
0.10444
0.49904
V
287
N
286
317
257
D
0.49552
0
0.02126
0.02559
V
315
N
316
345
285
D
0.51655
0.13612
0.33521
0.01212
V
316
N
317
315
346
286
D
0.89411
0
V
317
N
316
347
287
D
0.24633
0.00203
0.15617
0
0.22578
V
345
N
346
375
315
D
0.32587
0.55769
0.02553
0.03013
0
0.0053
V
346
N
347
345
376
316
D
0.00383
0.84433
0
0
V
347
N
346
377
317
D
0.0775
0.20866
0
0.00366
0.02227
0.3522
V
375
N
376
405
345
D
0.04207
0.71308
0.17638
0.02978
0.0308
0
V
376
N
377
375
406
346
D
0.29587
0.15472
0
0.40138
V
377
N
376
407
347
D
0.78945
0
0
V
405
N
406
375
D
0.59722
0
0
0
V
406
N
407
405
436
376
D
0.93512
0.06488
V
407
N
406
377
D
0.4821
0
0
V
436
N
466
406
D
0.00561
0.02166
0.34759
0
V
465
N
466
495
D
0.00543
0
0.75682
0.00199
0.19796
0.03715
V
466
N
467
465
496
436
D
0.02765
0.90566
0
V
467
N
466
497
D
0.00864
0.01463
0.81888
0.00182
0.13874
0.01729
V
495
N
496
525
465
D
0.20611
0.26069
0
V
496
N
497
495
526
466
D
0.03747
0.06293
0.82757
0
0.04837
V
497
N
496
527
467
D
0.38986
0
0
V
525
N
526
495
D
0.43792
0
0
V
526
N
527
525
556
496
D
0.16773
0
0.10161
0
V
527
N
526
497
D
0.02017
0
0
V
556
N
586
526
D
0.43974
0
0.40801
V
585
N
586
615
D
0.89803
0.01136
0.00576
0
0.00032
V
586
N
587
585
616
556
D
0.56455
0
0
V
587
N
586
617
D
0.30922
0
0.67412
V
615
N
616
645
585
D
0.34917
0
0.1904
0.12881
V
616
N
617
615
646
586
D
0.01405
0.3098
0.0248
0.30157
0.08326
0.26652
V
617
N
616
647
587
D
0.11868
0.08126
0
0.05902
V
645
N
646
615
D
0.43406
0.52449
0
V
646
N
647
645
676
616
D
0.07585
0.51481
0.18425
0
0.21321
V
647
N
646
617
D
0.16441
0.14124
0.18514
0.38712
0
0.0997
V
676
N
706
646
D
0.03547
0.54484
0.31546
0
0
V
700
N
701
D
0.59847
0
V
701
N
700
D
0.21688
0.08083
0
0.37673
V
703
N
704
733
D
0.25704
0
0
V
704
N
705
703
734
D
0.12759
0.00112
0.65538
0
0.01214
0.02009
V
705
N
706
704
735
D
0.00363
0.99035
0
0
0.00112
V
706
N
707
705
736
676
D
0.3549
0
0
0.26067
V
707
N
706
737
D
0.16034
0.04085
0.77153
0.02728
V
729
N
759
D
0.0579
0
0
0.06531
0.10842
V
733
N
734
703
D
0.02975
0
0.01422
0
V
734
N
735
733
704
D
0.03775
0
V
735
N
736
734
765
705
D
0.89723
0
0
V
736
N
737
735
766
706
D
0.0947
0.03985
0.00544
0.00026
0
0.84367
V
737
N
736
767
707
D
0.45299
0.34134
0
0.14543
0.01039
V
759
N
729
D
0.00673
0
0
0.97381
V
761
N
762
D
0.75165
0.13964
0.10635
0
V
762
N
761
D
0.23397
0
0
V
765
N
766
735
D
0.05332
0.01042
0
0
V
766
N
767
765
796
736
D
0.85249
0
V
767
N
766
797
737
D
0.03733
0
0
V
793
N
794
823
D
0.55105
0.15665
0
0.17267
V
794
N
793
824
D
0.84168
0
V
796
N
797
826
766
D
0.72716
0
V
797
N
798
796
827
767
D
0.02438
0
0
0.84743
V
798
N
797
828
D
0.00302
0.00161
0.69276
0.0093
0.00757
0.22211
0.06363
V
819
N
820
849
D
0.00067
0.01907
0
0.00357
0.71772
0.00251
V
820
N
819
850
D
0.57197
0
0.20999
V
822
N
823
852
D
0.89572
0.03112
0
0.02561
0.04176
0.00379
V
823
N
824
822
853
793
D
0.13738
0
0
V
824
N
825
823
854
794
D
0.08116
0
0
0
V
825
N
826
824
855
D
0.36555
0
V
826
N
827
825
856
796
D
0.02223
0
0
0.10466
0.69232
V
827
N
828
826
857
797
D
0.12991
0
0.44378
V
828
N
829
827
858
798
D
0.45737
0.39509
0.01311
0.13443
V
829
N
830
828
859
D
0.11891
0
0.35048
V
830
N
829
860
D
0.03874
0
0.85646
0.04243
V
849
N
850
879
819
D
0.57255
0
0.17383
V
850
N
849
820
D
0.47409
0.52591
V
852
N
853
882
822
D
0.0077
0
0.22221
V
853
N
854
852
883
823
D
0.03137
0
0
V
854
N
855
853
884
824
D
0.315
0.0042
0
0
0.1211
V
855
N
856
854
885
825
D
0.10472
0
0.01634
V
856
N
857
855
886
826
D
0.09795
0.04831
0
0
V
857
N
858
856
887
827
D
0.04633
0
0
0.18377
V
858
N
859
857
888
828
D
0.58521
0
0.40639
V
859
N
860
858
889
829
D
0.10927
0
0.41331
0
V
860
N
859
890
830
D
0.52289
0.47711
V
871
N
872
901
D
0.45462
0
V
872
N
873
871
902
D
0.41407
0.05231
0
0
V
873
N
872
903
D
0.08892
0.15288
0.43906
0
V
875
N
876
905
D
0.35157
0
0.0012
0
V
876
N
877
875
906
D
0.20628
0.04513
0
0.7261
0
V
877
N
876
907
D
0.02524
0.37137
0.07377
0
V
879
N
909
849
D
0.04755
0
0
0.0395
V
881
N
882
911
D
0.30492
0.13308
0.4422
0.01588
0
0.02497
V
882
N
883
881
912
852
D
0.02052
0.04539
0.03401
0
0
V
883
N
884
882
913
853
D
0.67218
0.06773
0
0
V
884
N
885
883
914
854
D
0.35865
0.03487
0.12074
0
0.15192
0.10524
V
885
N
886
884
915
855
D
0.57612
0
0
V
886
N
887
885
916
856
D
0.06031
0.01729
0.00778
0.45863
0.45168
0.00431
V
887
N
888
886
917
857
D
0.21308
0
0
0.33439
V
888
N
889
887
918
858
D
0.01254
0.04281
0.83277
0
V
889
N
890
888
919
859
D
0.37417
0.01241
0
0
V
890
N
891
889
920
860
D
0.87804
0
V
891
N
892
890
921
D
0.13198
0
0.82364
V
892
N
891
922
D
0.01137
0.17136
0
0
V
894
N
895
924
D
0.3573
0.22772
0
0.40555
V
895
N
896
894
925
D
0.0048
0
0
V
896
N
897
895
926
D
0.04243
0.00016
0.95739
0
V
897
N
896
927
D
0.45444
0.4178
0.04959
0.04267
0.0355
V
899
N
900
929
D
0.24711
0
0.68896
V
900
N
899
930
D
0.03529
0
V
901
N
902
931
871
D
0.11554
0.73793
0.00469
0.14184
V
902
N
903
901
932
872
D
0.11921
0.74746
0.01468
0
V
903
N
904
902
933
873
D
0.28565
0
0.60649
0.10357
V
904
N
905
903
D
0.21496
0.30958
0
V
905
N
906
904
935
875
D
0.04937
0.57357
0.20182
0.17524
V
906
N
907
905
936
876
D
0.00018
0.05968
0.68599
0.02199
0.19866
0.01363
0.01987
V
907
N
908
906
937
877
D
0.01171
0
0.08354
0.13658
0
V
908
N
909
907
D
0.00454
0.06431
0
0.32114
V
909
N
910
908
939
879
D
0.69616
0.30384
V
910
N
911
909
D
0.2729
0.06398
0.00531
0.14068
0
V
911
N
912
910
941
881
D
0.48583
0.37733
0
V
912
N
913
911
942
882
D
0.10726
0.37037
0.47089
0
0.01798
0.02298
V
913
N
914
912
943
883
D
0.0329
0
0
V
914
N
915
913
944
884
D
0.94943
0
0
V
915
N
916
914
945
885
D
0.2303
0.17662
0.52534
0.06417
0
V
916
N
917
915
946
886
D
0.04899
0
V
917
N
918
916
947
887
D
0.35015
0
0
0.04187
0.20723
V
918
N
919
917
948
888
D
0.0185
0
0
0.05472
V
919
N
920
918
949
889
D
0.15831
0.36615
0.00914
0.37188
0
0.00497
V
920
N
921
919
950
890
D
0.0363
0
V
921
N
922
920
951
891
D
0.00326
0
0
0.27379
V
922
N
923
921
952
892
D
0.16987
0.2669
0.1318
0
0.20648
0.12854
V
923
N
924
922
D
0.5907
0.00101
0.06955
0.33783
0
V
924
N
925
923
954
894
D
0.00821
0.01184
0.17727
0.00937
0.36438
0.37898
0.04995
V
925
N
926
924
955
895
D
0.00993
0.32233
0
0
V
926
N
927
925
956
896
D
0.70887
0
0
V
927
N
928
926
957
897
D
0.23074
0.13205
0
0
V
928
N
929
927
D
0.35804
0.34929
0.10867
0
0
V
929
N
930
928
959
899
D
0.07195
0.18042
0.04697
0
0.6554
V
930
N
929
960
900
D
0.45068
0.06524
0.00285
0.00279
0.09151
0.29228
0.09465
V
931
N
932
901
D
0.1665
0.39663
0
V
932
N
933
931
902
D
0.04152
0.00166
0
0
0.00796
V
933
N
932
903
D
0.16691
0.35403
0.1522
0
0
V
935
N
936
905
D
0.03682
0
0.05714
0.01003
V
936
N
937
935
906
D
0.02746
0.01794
0
0
V
937
N
936
907
D
0.19305
0.79907
0
V
939
N
969
909
D
0.60753
0
0.23705
V
941
N
942
911
D
0.00069
0.00608
0
0
V
942
N
943
941
972
912
D
0.36296
0.01854
0.42378
0
0.00794
V
943
N
944
942
973
913
D
0.24294
0.03216
0
0.06797
0
V
944
N
945
943
974
914
D
0.0023
0.13216
0.19447
0.41442
0.24574
0
V
945
N
946
944
975
915
D
0.87398
0
V
946
N
947
945
976
916
D
0.67072
0
0
V
947
N
948
946
977
917
D
0.17776
0.39541
0
0
V
948
N
949
947
978
918
D
0.00574
0
0
0.21531
V
949
N
950
948
979
919
D
0.8841
0
V
950
N
951
949
980
920
D
0.40985
0
0.51999
V
951
N
952
950
981
921
D
0.03719
0
0
0.28023
0.00341
V
952
N
951
922
D
0.03792
0
0.01233
0.57694
V
954
N
955
924
D
0.5655
0.12727
0
0.04172
0.18828
0.03947
V
955
N
956
954
925
D
0.17025
0
0
0.77331
V
956
N
957
955
926
D
0.40279
0
0.19649
V
957
N
956
927
D
0.09752
0.08856
0
0.68065
V
959
N
960
929
D
0.06844
0.86263
0.01413
0
0
V
960
N
959
930
D
0.01518
0.0073
0.02717
0
0.04057
V
969
N
970
999
939
D
0.73465
0
0.16407
0
V
970
N
969
1000
D
0.16006
0.83994
V
972
N
973
1002
942
D
0.01136
0
0.53911
V
973
N
974
972
1003
943
D
0.19952
0.13279
0
0.10027
V
974
N
975
973
1004
944
D
0.28377
0.34776
0.35427
0
0.00706
V
975
N
976
974
1005
945
D
0.04812
0
0.19166
V
976
N
977
975
1006
946
D
0.05903
0
0
0.01043
V
977
N
978
976
1007
947
D
0.27704
0.37142
0
0
V
978
N
979
977
1008
948
D
0.02722
0
0.23828
0.71402
V
979
N
980
978
1009
949
D
0.01916
0.43658
0
V
980
N
981
979
950
D
0.40494
0
0
V
981
N
980
951
D
0.317
0.07535
0
0.37873
0.07959
V
983
N
D
0.02291
0.86025
0
0.02445
V
999
N
1000
969
D
0.05921
0
0.83552
0
0.0339
V
1000
N
999
1030
970
D
0.34423
0
0.25984
0.39276
V
1002
N
1003
972
D
0.04717
0
0
0
V
1003
N
1004
1002
1033
973
D
0.10086
0
0.42416
0.10632
V
1004
N
1005
1003
1034
974
D
0.97099
0
V
1005
N
1006
1004
975
D
0.16754
0
0.30282
0
0.38201
V
1006
N
1007
1005
1036
976
D
0.04814
0
0
0.17649
V
1007
N
1008
1006
1037
977
D
0.77414
0
0
0.1877
V
1008
N
1009
1007
1038
978
D
0.06283
0
0.67913
0.24123
V
1009
N
1008
1039
979
D
0.03201
0
0.03895
0.00849
0.01531
V
1012
N
D
0.3967
0
V
1030
N
1031
1060
1000
D
0.17072
0
0.07381
0.09703
V
1031
N
1030
1061
D
0.2792
0
0.64914
0.02407
0.03493
V
1033
N
1034
1003
D
0.18053
0.01773
0.76936
0
V
1034
N
1033
1004
D
0.00165
0.20353
0
0
0.47695
V
1036
N
1037
1066
1006
D
0.37139
0
0
0.47334
V
1037
N
1038
1036
1067
1007
D
0.84267
0
0
V
1038
N
1039
1037
1068
1008
D
0.83278
0.06796
0.00858
0.06209
0.02306
0
V
1039
N
1038
1009
D
0.04826
0.11937
0
0.28738
0
V
1041
N
1071
D
0.2807
0.002
0.14621
0
0.08027
V
1059
N
1060
1089
D
0.72952
0.14206
0
0
V
1060
N
1061
1059
1090
1030
D
0.55197
0
0.29692
V
1061
N
1062
1060
1091
1031
D
0.63712
0.08564
0
0.21195
0
V
1062
N
1061
1092
D
0.65127
0.00115
0.15601
0
V
1065
N
1066
D
0.53539
0.3137
0
0.1053
V
1066
N
1067
1065
1096
1036
D
0.71729
0.09014
0.0512
0
V
1067
N
1068
1066
1037
D
0.20002
0.02688
0.19393
0.16368
0
0.41058
V
1068
N
1067
1098
1038
D
0.02549
0.01051
0.00227
0.02334
0
V
1070
N
1071
1100
D
0.19364
0.32921
0.21472
0.09379
0.16864
V
1071
N
1072
1070
1101
1041
D
0.29374
0
0
V
1072
N
1073
1071
D
0.92694
0
0.02401
V
1073
N
1072
1103
D
0.03576
0
0.00698
0
V
1089
N
1090
1059
D
0.12832
0.23635
0.6102
0
V
1090
N
1091
1089
1120
1060
D
0.23061
0
0.0769
0.69086
V
1091
N
1092
1090
1121
1061
D
0.03913
0
0
V
1092
N
1093
1091
1062
D
0.0977
0
0
0
V
1093
N
1092
1123
D
0.91041
0
V
1096
N
1066
D
0.06509
0.63015
0.06327
0.23811
0.00338
V
1098
N
1099
1128
1068
D
0.39634
0
0
0.02905
V
1099
N
1100
1098
D
0.01954
0.00789
0.02122
0
V
1100
N
1101
1099
1070
D
0.38298
0
0.42459
V
1101
N
1100
1131
1071
D
0.23463
0
0.00607
0.02269
0.01852
0.06336
V
1103
N
1073
D
0.4616
0
V
1120
N
1121
1090
D
0.12721
0.87279
V
1121
N
1120
1091
D
0.26798
0
0.52656
0.10995
V
1123
N
1124
1093
D
0.01447
0
0.81728
0.11001
V
1124
N
1125
1123
D
0.16963
0
0.02602
0
0.36662
V
1125
N
1124
D
0.41519
0
0
V
1128
N
1098
D
0.0126
0.66142
0.21448
0.03176
0
0.07952
V
1131
N
1101
D
0.04009
0
0.02723
0.48133
0.01384
0.01615
