i_270_9_59_FR_den206d
59
den206d
A
0
5
29
45
A
1
5
45
38
A
2
5
54
54
A
3
5
42
16
A
4
5
40
21
A
5
5
46
16
A
6
5
52
22
A
7
5
34
3
A
8
5
57
26
V
5
N
17
D
0.76021
0
0.1297
V
15
N
16
27
D
0.005
0.46444
0.0006
0
0.00151
0.52835
V
16
N
17
15
28
D
0.00025
0.31259
0
0.08842
4e-05
V
17
N
18
16
29
5
D
0.34037
0.01585
0
0
V
18
N
19
17
30
D
0.02007
0.96649
0
0
V
19
N
20
18
31
D
0.36208
0
0
0.52728
0.00223
V
20
N
19
32
D
0.01189
0.98427
0.00071
0.00202
0.00111
V
22
N
23
34
D
0.01844
0.94319
0
V
23
N
24
22
D
0.35098
0.28229
0
V
24
N
23
36
D
0.36028
0.04348
0.14863
0.15474
0
V
26
N
27
38
D
0.08406
0
V
27
N
28
26
39
15
D
0.76997
0.23003
V
28
N
29
27
40
16
D
0.14978
0
0
V
29
N
30
28
41
17
D
0.10162
0.00189
0.8068
0.06363
0.0187
0.00736
V
30
N
31
29
42
18
D
0.4134
0.02478
0
0.13011
0
V
31
N
32
30
43
19
D
0.43204
0.56796
V
32
N
31
44
20
D
0.61472
0
V
34
N
46
22
D
0.03508
0.6946
0.0219
0.21948
0
V
36
N
48
24
D
0.75711
0
V
38
N
39
50
26
D
0.0304
0
0.6855
0
V
39
N
40
38
51
27
D
0.38097
0.57664
0
0.00249
V
40
N
41
39
52
28
D
0.18325
0.00079
0.19221
0.00417
0.55566
0.06392
V
41
N
42
40
53
29
D
0.55555
0
V
42
N
43
41
54
30
D
0.30764
0
V
43
N
44
42
55
31
D
0.03756
0
0.59958
0
V
44
N
45
43
56
32
D
0.98096
0.00222
0
0.00774
V
45
N
46
44
57
D
0.10027
0.59387
0.0424
0
V
46
N
45
58
34
D
0.25437
0
0
0.53195
V
48
N
60
36
D
0.01728
0.25898
0
0
V
50
N
51
38
D
0.11462
0
0.23063
0
V
51
N
52
50
63
39
D
0.93572
0
V
52
N
53
51
64
40
D
0.05232
0
0.05888
0.62131
V
53
N
54
52
65
41
D
0.37899
0.05684
0.39876
0
V
54
N
55
53
66
42
D
0.04365
0.03518
0
0.74681
V
55
N
56
54
67
43
D
0.35535
0
0.57231
0
V
56
N
57
55
68
44
D
0.30635
0
0.00391
V
57
N
58
56
45
D
0.02933
0.30308
0.00691
0.46338
0
0.09911
V
58
N
57
70
46
D
0.16601
0.13234
0
0.01973
0.66941
V
60
N
72
48
D
0.10433
0.09445
0
V
63
N
64
75
51
D
0.2065
0
0
V
64
N
65
63
52
D
0.31976
0.04724
0
V
65
N
66
64
53
D
0.26873
0.10161
0.15007
0.47751
0.00208
V
66
N
67
65
54
D
0.63002
0.02116
0.01909
0
0.32959
V
67
N
68
66
55
D
0.02026
0.13872
0
0.76651
0.06236
V
68
N
67
56
D
0.00038
0.96743
0.00092
0
0.02798
V
70
N
82
58
D
0.91223
0
V
72
N
84
60
D
0.00158
0.00163
0.01024
0
0
V
75
N
87
63
D
0.16031
0.78352
0
0.04734
0.00331
V
82
N
70
D
0.03641
0.03471
0.12697
0
0
V
84
N
96
72
D
0.59166
0.09212
0.24213
0.07409
V
86
N
87
D
0.01963
0
0
V
87
N
88
86
99
75
D
0.07508
0
0.01476
0.31283
0.4917
V
88
N
89
87
D
0.17236
0
V
89
N
90
88
D
0.04219
0.02601
0.01819
0
0.28117
V
90
N
91
89
D
0.763
0.12618
0
0
V
91
N
92
90
103
D
0.3313
0.31017
0.19109
0
0.05316
V
92
N
91
D
0.2034
0.0092
0
0.06075
V
96
N
84
D
0.26269
0.08509
0.01879
0.1718
0.34075
0
V
99
N
111
87
D
0.23696
0
0
0
V
103
N
115
91
D
0.06743
0.56509
0.0009
0
0.33561
V
111
N
112
123
99
D
0.82381
0
0.17286
V
112
N
111
124
D
0.02941
0
0.00032
V
114
N
115
D
0.42975
0.00023
0.29996
0.01281
0
V
115
N
116
114
127
103
D
0.17027
0.51227
0.29793
0
V
116
N
117
115
128
D
0.68086
0
V
117
N
118
116
129
D
0.0123
0.01189
0.04577
0.05045
0.87757
0.00202
V
118
N
117
130
D
0.14253
0
0
0
V
122
N
123
134
D
0.19029
0
0
V
123
N
124
122
135
111
D
0.21031
0
0.49381
0.23552
V
124
N
123
136
112
D
0.01307
0
0.01993
0.03474
0.90657
0.02553
V
127
N
128
139
115
D
0.05315
0
0
V
128
N
129
127
140
116
D
0.04403
0.36478
0
0.00061
0.56421
V
129
N
130
128
141
117
D
0.76341
0
0.20245
0
V
130
N
131
129
142
118
D
0.04834
0
0.85807
V
131
N
132
130
143
D
0.44282
0
V
132
N
131
144
D
0.08307
0.60101
0
0.17838
0.01419
0.08643
V
134
N
135
122
D
0.18741
0
0
0.30298
0.09915
V
135
N
136
134
147
123
D
0.31988
0
0
V
136
N
135
124
D
0.08872
0
0.00574
0.09557
0.35209
0.07124
V
139
N
140
127
D
0.44453
0.26807
0
V
140
N
141
139
128
D
0.18811
0.01265
0
0.08434
V
141
N
142
140
153
129
D
0.12072
0
V
142
N
143
141
154
130
D
0.638
0
V
143
N
144
142
155
131
D
0.06528
0
0.35087
0.17474
0.36108
V
144
N
143
132
D
0.36618
0
0.6263
V
147
N
135
D
0.27695
0.00343
0
0.04122
0.32615
V
150
N
D
0.06723
0.17237
0
0
0.02295
V
153
N
154
141
D
0.55703
0
0
0.07472
V
154
N
155
153
142
D
0.42382
0
V
155
N
154
167
143
D
0.80078
0
0
0
V
167
N
179
155
D
0.34092
0
0.00082
0
0.23975
V
179
N
191
167
D
0.13725
0.63517
0
0
V
191
N
203
179
D
0.735
0
V
203
N
215
191
D
0.60832
0
0.04883
V
215
N
227
203
D
0.0138
0
0.25586
0
0.54627
V
227
N
239
215
D
0.22715
0.14671
0.08181
0.07535
0.46898
V
239
N
251
227
D
0.79057
0
V
251
N
263
239
D
0.00319
0
0.03472
0.25559
0.00184
0.01488
V
263
N
275
251
D
0.0
2e-05
0.06068
0.22842
0.47135
0.14211
0.09742
V
275
N
287
263
D
0.95992
0
V
287
N
299
275
D
0.20256
0.32895
0
V
299
N
311
287
D
0.46627
0
V
311
N
323
299
D
0.1388
0
0.0865
V
323
N
335
311
D
0.27171
0
V
335
N
347
323
D
0.23902
0
0
0.0908
0.64264
V
338
N
350
D
0.09147
0.62741
0
0
0.01951
V
340
N
341
352
D
0.3329
0
0.06659
V
341
N
340
353
D
0.36372
0.04121
0.18841
0.33215
0.07345
0
V
343
N
355
D
0.49473
0
0.03308
0.0036
V
345
N
357
D
0.01672
0.38152
0.01855
0.07915
0.01033
0
V
347
N
348
359
335
D
0.67435
0
V
348
N
347
360
D
0.35972
0.64028
V
350
N
351
362
338
D
0.43691
0.48901
0
V
351
N
352
350
363
D
0.06057
0.03451
0.39443
0.00223
0
0.50759
V
352
N
353
351
364
340
D
0.23239
0.07061
0
0
V
353
N
354
352
365
341
D
0.03178
0
0.79515
0.02883
0.03772
V
354
N
355
353
366
D
0.56765
0
0.41032
V
355
N
356
354
367
343
D
0.00011
0.00563
5e-05
0.50756
0.31223
0.17442
V
356
N
357
355
368
D
0.07391
0
0
0.29336
V
357
N
358
356
369
345
D
0.35811
0.54665
0
V
358
N
359
357
370
D
0.97267
0
V
359
N
360
358
371
347
D
0.15592
0.82401
0
V
360
N
359
372
348
D
0.29852
0
0.43206
V
362
N
363
350
D
0.04139
0.04291
0.00467
0
0
V
363
N
364
362
375
351
D
0.54771
0.04708
0
V
364
N
365
363
376
352
D
0.10473
0.27847
0.27417
0.00069
0
V
365
N
366
364
377
353
D
0.2846
0
0.12628
V
366
N
367
365
378
354
D
0.79628
0
V
367
N
368
366
379
355
D
0.31975
0.32952
0.1815
0.08677
0
V
368
N
369
367
380
356
D
0.06612
0.00539
0.11646
0.2148
0.01522
0.58201
V
369
N
370
368
381
357
D
0.80815
0
V
370
N
371
369
382
358
D
0.05797
0
0.83082
0.0812
0.01591
V
371
N
372
370
383
359
D
0.21155
0
0
V
372
N
371
384
360
D
0.2723
0
0.4811
0.20908
V
375
N
376
387
363
D
0.15429
0
0.16332
0.46744
V
376
N
377
375
388
364
D
0.22058
0
0.00046
0.51274
0
V
377
N
378
376
389
365
D
0.98735
0
V
378
N
379
377
390
366
D
0.31168
0
0
V
379
N
380
378
391
367
D
0.68719
0
0
V
380
N
381
379
368
D
0.08236
0
0
V
381
N
382
380
393
369
D
0.0065
0
0.01882
0.1008
V
382
N
383
381
394
370
D
0.66783
0.33217
V
383
N
384
382
395
371
D
0.42661
0
0
V
384
N
383
372
D
0.12099
0.62367
0
V
387
N
388
399
375
D
0.39538
0
0
V
388
N
389
387
376
D
0.23849
0
0.2342
V
389
N
390
388
377
D
0.00507
0.08438
0
0.90993
V
390
N
391
389
378
D
0.1733
0.8267
V
391
N
390
379
D
0.21371
0
0
0.12286
V
393
N
394
381
D
0.59725
0
V
394
N
395
393
382
D
0.26872
0
0.23333
0.16982
0.00875
V
395
N
394
407
383
D
0.00586
0.43368
0.52362
0.033
0
V
399
N
411
387
D
0.35085
0
V
407
N
419
395
D
0.51917
0.25102
0
0
V
410
N
411
422
D
0.12713
0
0.58869
0.01417
0.25196
V
411
N
412
410
423
399
D
0.16343
0
0.81315
0.01876
V
412
N
411
424
D
0.05431
0
0
0.4357
V
415
N
427
D
0.51654
0.08169
0
V
418
N
419
430
D
0.36322
0.0133
0
0.32779
V
419
N
420
418
431
407
D
0.09163
0.64194
0.00104
0
0.23025
V
420
N
419
432
D
0.33368
0.29165
0.01189
0.30116
0
V
422
N
423
434
410
D
0.38254
0.00828
0
0.49242
0.00518
V
423
N
424
422
435
411
D
0.07337
0.32728
0
V
424
N
425
423
436
412
D
0.77757
0.03794
0.00049
0.00713
0
V
425
N
426
424
437
D
0.8472
0
V
426
N
427
425
438
D
0.26002
0
0.47362
0
V
427
N
428
426
439
415
D
0.88282
0
V
428
N
429
427
440
D
0.03692
0.12581
0
V
429
N
430
428
441
D
0.86219
0.1372
0
0.00023
0.00014
V
430
N
431
429
442
418
D
0.30771
0.23101
0
0.19273
0
V
431
N
432
430
443
419
D
0.1182
0.48271
0
0.22636
V
432
N
431
444
420
D
0.21427
0
0.02108
0.44433
0
V
434
N
435
446
422
D
0.26606
0.14165
0.15683
0
0
V
435
N
436
434
423
D
0.90097
0.09903
V
436
N
437
435
424
D
0.46957
0
0
0.05244
0.00166
V
437
N
438
436
425
D
0.18874
0
0.79534
V
438
N
439
437
426
D
0.18778
0
0
V
439
N
440
438
427
D
0.35205
0.03599
0
0.02293
0.22607
0.06469
V
440
N
441
439
428
D
0.02114
0.05083
0
0.31048
0.21302
0.09969
V
441
N
442
440
429
D
0.35463
0
0
0.34599
V
442
N
443
441
430
D
0.75217
0
0
V
443
N
444
442
431
D
0.02848
0.00544
0.09289
0.03562
0.02144
0.00549
0.81064
V
444
N
443
456
432
D
0.19036
0.35006
0.36028
0
V
446
N
458
434
D
0.38792
0.0002
0.01434
0.17179
0
0.05251
V
456
N
468
444
D
0.36777
0.0358
0.04253
0
0.45337
0.00392
V
458
N
459
470
446
D
0.89403
0
V
459
N
458
471
D
0.00222
0.2258
0.00022
0
0.16561
0.60251
V
463
N
464
475
D
0.29474
0.04231
0.10739
0.41627
0
0.1373
V
464
N
465
463
476
D
0.60619
0
0
0.1167
0.01137
V
465
N
464
477
D
0.2925
0.38731
0
0
0.12426
V
468
N
480
456
D
0.0671
0
0.43523
V
470
N
471
482
458
D
0.01862
0
0.5143
0.34802
0.01328
V
471
N
472
470
483
459
D
0.4055
0
0
V
472
N
473
471
484
D
0.50444
0.15735
0.23431
0.04839
0
0.01036
V
473
N
474
472
485
D
0.20201
0
0.02979
V
474
N
475
473
486
D
0.5939
0.13741
0.09218
0.1576
0.01891
V
475
N
476
474
487
463
D
0.21401
0
V
476
N
477
475
488
464
D
0.24038
0
V
477
N
478
476
489
465
D
0.33131
0
0.31523
0.04398
0.13302
V
478
N
479
477
490
D
0.00486
0.05168
0.0112
0.39619
0
V
479
N
480
478
491
D
0.54563
0.0173
0.33541
0.02638
0
V
480
N
479
492
468
D
0.03596
0
0.03378
0.01605
0
V
482
N
483
494
470
D
0.27194
0
0.51388
V
483
N
484
482
495
471
D
0.22563
0
0.53119
V
484
N
485
483
496
472
D
0.8283
0.03223
0
0
V
485
N
486
484
497
473
D
0.77801
0.06314
0
0.02072
0.02598
V
486
N
487
485
498
474
D
0.36649
0.59022
0
0
V
487
N
488
486
499
475
D
0.18246
0.03073
0.02979
0.03388
0
V
488
N
489
487
500
476
D
0.7437
0
V
489
N
490
488
501
477
D
0.48015
0.02117
0.02463
0.21934
0.10718
0
V
490
N
491
489
502
478
D
0.37454
0.1781
0.0395
0.39246
0
V
491
N
492
490
503
479
D
0.03745
0
0.68635
0.14701
0.09343
V
492
N
491
504
480
D
0.23042
0
0.02695
0.14798
0.55487
V
494
N
495
506
482
D
0.80966
0
V
495
N
496
494
507
483
D
0.92574
0
V
496
N
497
495
508
484
D
0.64332
0
0.14773
0
V
497
N
498
496
509
485
D
0.31076
0
0
V
498
N
499
497
510
486
D
0.58771
0.17241
0.0313
0
V
499
N
500
498
511
487
D
0.22396
0
0
V
500
N
501
499
512
488
D
0.25723
0
0.39453
V
501
N
502
500
513
489
D
0.30429
0.16632
0.24667
0
V
502
N
503
501
514
490
D
0.87598
0
V
503
N
504
502
515
491
D
0.07083
0.1617
0
0.74097
V
504
N
503
516
492
D
0.00013
0.16481
0.40849
0
0.00081
0.00013
V
506
N
507
518
494
D
0.00106
0.08109
0.9171
0.00061
0
V
507
N
508
506
519
495
D
0.5414
0.40454
0.03247
0
V
508
N
509
507
520
496
D
0.05048
0
0.27637
0
V
509
N
510
508
521
497
D
0.1352
0
0
0.09407
V
510
N
511
509
522
498
D
0.0706
0
0
V
511
N
512
510
523
499
D
0.98277
0.01125
0
V
512
N
513
511
524
500
D
0.59839
0.139
0
V
513
N
514
512
525
501
D
0.66281
0
V
514
N
515
513
526
502
D
0.00132
0.47151
0.00223
0
0.52479
V
515
N
516
514
527
503
D
0.16442
0
0
V
516
N
515
528
504
D
0.78701
0.15326
0
V
518
N
519
530
506
D
0.00837
1e-05
0
0.30212
1e-05
V
519
N
520
518
531
507
D
0.69074
0
V
520
N
521
519
532
508
D
0.65075
0
V
521
N
522
520
533
509
D
0.04716
0
0
0.05752
V
522
N
523
521
534
510
D
0.18721
0.04916
0.10823
0
0.03816
V
523
N
524
522
535
511
D
0.49992
0.00421
0
0
V
524
N
525
523
536
512
D
0.16725
0
0
V
525
N
526
524
537
513
D
0.13915
0.07876
0.47956
0.28196
0
V
526
N
527
525
538
514
D
0.00081
0
0.00196
0.00025
0.16645
V
527
N
528
526
539
515
D
0.85106
0
V
528
N
527
540
516
D
0.21482
0
V
530
N
531
518
D
0.99114
0.00186
0
0
V
531
N
532
530
543
519
D
0.18414
0.19488
0
0.10514
0.1884
V
532
N
533
531
520
D
0.17447
0
0.00042
V
533
N
534
532
521
D
0.07875
0.0309
0.28111
0
0.60923
V
534
N
535
533
522
D
0.10157
0.39927
0
0.01381
V
535
N
536
534
547
523
D
0.62495
0.23105
0.02391
0
V
536
N
537
535
548
524
D
0.16023
0
0.15793
0
V
537
N
538
536
549
525
D
0.04549
0
0
0.5748
0.01583
V
538
N
539
537
550
526
D
0.10832
0
0.58523
0.2639
V
539
N
540
538
551
527
D
0.15266
0
0.3981
V
540
N
539
552
528
D
0.3887
0
V
543
N
531
D
0.00198
0.45183
0.00535
0.44532
0
V
547
N
548
559
535
D
0.27327
0.03834
0
0
V
548
N
549
547
560
536
D
0.89605
0
V
549
N
550
548
561
537
D
0.59352
0.01238
0.32464
0.04033
0.02913
V
550
N
551
549
562
538
D
0.01932
0
0.06571
0.06094
0.65994
0.17492
V
551
N
552
550
563
539
D
0.37422
0.27173
0.35405
V
552
N
551
540
D
0.02758
0.95802
0
V
556
N
D
0.56216
0.40926
0
0.0004
0
V
559
N
560
547
D
0.55745
0
0.09747
V
560
N
561
559
548
D
0.02281
0.13797
0
0
V
561
N
562
560
549
D
0.0915
0.01872
0
0.75999
V
562
N
563
561
550
D
0.59949
0
V
563
N
562
551
D
0.03911
0.01442
0.05593
0.67966
0
0.20286
