i_279_4_42_FR_ost004d
42
ost004d
A
0
48
33
16
A
1
48
21
7
A
2
48
41
11
A
3
48
36
20
V
48
N
49
69
D
0.58183
0
0
V
49
N
50
48
70
D
0.75154
0.10019
0
V
50
N
51
49
71
D
0.8022
0
0.13577
V
51
N
50
D
0.01939
0
V
56
N
57
77
D
0.21471
0.10886
0
V
57
N
58
56
78
D
0.02492
0.52729
0.30379
0
0
V
58
N
57
79
D
0.98964
0
V
68
N
69
D
0.92552
0
V
69
N
70
68
90
48
D
7e-05
0.00022
5e-05
0.6076
0.0
0
V
70
N
71
69
91
49
D
0.49454
0.20054
0.19148
0
V
71
N
70
92
50
D
0.33777
0
0.41333
V
73
N
74
94
D
0.03214
0.78982
0
V
74
N
75
73
95
D
0.2628
0
0.01325
0
V
75
N
76
74
96
D
0.26079
0
0.26493
0
V
76
N
77
75
97
D
0.16542
0
0.07657
V
77
N
78
76
98
56
D
0.27619
0.08905
0
0
V
78
N
79
77
99
57
D
0.83896
0.01386
0.00879
0
0.02309
0.05433
V
79
N
80
78
100
58
D
0.52437
0.47563
V
80
N
79
101
D
0.32664
0.00394
0.08787
0.15813
0
0.15469
V
90
N
91
69
D
0.51899
0.04782
0.03062
0
V
91
N
92
90
70
D
0.49158
0
0.02973
0
V
92
N
93
91
113
71
D
0.29929
0
0.00021
0
V
93
N
94
92
114
D
0.76302
0.01113
0
V
94
N
95
93
115
73
D
0.03162
0.00296
0.00354
0
V
95
N
96
94
116
74
D
0.00588
0
0.96695
0.01623
V
96
N
97
95
117
75
D
0.00123
0.34217
0.00145
0
0.20616
0.43558
V
97
N
98
96
118
76
D
0.83309
0
V
98
N
99
97
119
77
D
0.03887
0
0.09612
0.45302
0.10204
V
99
N
100
98
120
78
D
0.03306
0.13149
0
0
0.00234
V
100
N
101
99
121
79
D
0.00196
0.4841
0.00136
0
0
V
101
N
102
100
122
80
D
0.07673
0
0.91707
V
102
N
101
123
D
0.01058
0
0
V
109
N
130
D
0.26543
0
0
V
113
N
114
134
92
D
0.64549
0.04123
0
0
V
114
N
115
113
135
93
D
0.03586
0
0
V
115
N
116
114
136
94
D
0.88751
0.00401
0
0.09265
0
V
116
N
117
115
137
95
D
0.52028
0
0.23535
0.1888
V
117
N
118
116
138
96
D
0.00417
0
0.15619
0.32138
0.01323
0.02139
V
118
N
119
117
139
97
D
0.90697
0
V
119
N
120
118
140
98
D
0.03593
0
0.57362
V
120
N
121
119
141
99
D
0.46712
0.30896
0
0
V
121
N
122
120
142
100
D
0.34246
0
V
122
N
123
121
143
101
D
0.20885
0.01536
0.27035
0.05914
0
V
123
N
124
122
144
102
D
0.02147
0
0.96246
0
V
124
N
123
145
D
0.1851
0.28879
0.50374
0
V
129
N
130
150
D
0.21913
0
0.56627
V
130
N
131
129
151
109
D
0.20542
0
0
V
131
N
132
130
152
D
0.51464
0.16208
0.20729
0.0754
0
V
132
N
133
131
153
D
0.00704
0
0.0135
0.37743
0.02383
V
133
N
134
132
154
D
0.11178
0
0.15618
0
0.2469
V
134
N
135
133
155
113
D
0.88793
0
V
135
N
136
134
156
114
D
0.74509
0.25491
V
136
N
137
135
157
115
D
0.07368
0.12258
0
V
137
N
138
136
158
116
D
0.01662
0
0.46594
0
0.00267
V
138
N
139
137
159
117
D
0.30254
0
V
139
N
140
138
160
118
D
0.64324
0.15138
0
0.14981
V
140
N
141
139
161
119
D
0.02611
0.01157
0.14454
0
V
141
N
142
140
162
120
D
0.47808
0
V
142
N
143
141
163
121
D
0.89223
0
V
143
N
144
142
164
122
D
0.04042
0.2124
0.33838
0
V
144
N
145
143
165
123
D
0.1655
0.41988
0.19525
0
0
V
145
N
146
144
166
124
D
0.38165
0.00056
0
0
V
146
N
145
167
D
0.0842
0
0.02499
0.16174
0
V
150
N
151
171
129
D
0.011
0.12771
0.14016
0
V
151
N
152
150
172
130
D
0.3957
0.06065
0
0.53187
V
152
N
153
151
173
131
D
0.82801
0
0.07879
0.07334
V
153
N
154
152
174
132
D
0.28498
0
0
0.50235
V
154
N
155
153
175
133
D
0.90705
0
V
155
N
156
154
176
134
D
0.40575
0.44392
0
0.14964
V
156
N
157
155
177
135
D
0.75341
0.24659
V
157
N
158
156
178
136
D
0.61238
0
V
158
N
159
157
179
137
D
0.53206
0.45898
0.00284
0
V
159
N
160
158
180
138
D
0.09116
0
V
160
N
161
159
181
139
D
0.23767
0.57487
0
0
0.00068
V
161
N
162
160
182
140
D
0.20459
0.09891
0
V
162
N
163
161
183
141
D
0.38812
0
V
163
N
164
162
184
142
D
0.09677
0
V
164
N
165
163
185
143
D
0.41799
0.34937
0
V
165
N
166
164
186
144
D
0.2857
0
0.0487
0
V
166
N
167
165
187
145
D
0.66866
0
V
167
N
166
146
D
0.04305
0.00202
0.92773
0.00164
0.00437
0.02119
V
171
N
172
192
150
D
0.05405
0.28505
0
0.00022
0.00502
V
172
N
173
171
193
151
D
0.1902
0
0.0977
0.23055
0
V
173
N
174
172
194
152
D
0.78526
0.00115
0
0.17104
V
174
N
175
173
195
153
D
0.48461
0.38011
0
V
175
N
176
174
196
154
D
0.00993
0.07078
0.33926
0.48673
0
V
176
N
177
175
197
155
D
0.10372
0
0
V
177
N
178
176
198
156
D
0.3546
0
0.03573
0.41696
0.19236
V
178
N
179
177
199
157
D
0.12805
0.69569
0.11185
0
0.06393
V
179
N
180
178
200
158
D
0.58705
0
0.00169
0.00277
0
V
180
N
181
179
201
159
D
0.17106
0.27791
0
0.00197
0.08274
V
181
N
182
180
202
160
D
0.00509
0.21772
0.11144
0.31171
0
V
182
N
183
181
203
161
D
0.55221
0.14439
0.0871
0.04134
0
0.09743
V
183
N
184
182
204
162
D
0.07969
0
0
0.64761
0.09201
V
184
N
185
183
205
163
D
0.00365
0.9419
0
0.00957
0.01779
V
185
N
186
184
206
164
D
0.00428
0.00138
0
0.99155
V
186
N
187
185
207
165
D
0.3554
0
0.57271
V
187
N
186
208
166
D
0.39413
0.39295
0.07026
0
0.12327
V
191
N
192
212
D
0.0127
0.95297
0
V
192
N
193
191
213
171
D
0.02899
0
0.77872
0.09526
0.01929
V
193
N
194
192
214
172
D
0.37856
0
0
0.43105
V
194
N
195
193
215
173
D
0.06148
0.54224
0.30968
0
0
V
195
N
196
194
216
174
D
0.60829
0.39171
V
196
N
197
195
217
175
D
0.08901
0
0
V
197
N
198
196
218
176
D
0.01408
0
0
0.03161
V
198
N
199
197
219
177
D
0.4631
0
V
199
N
200
198
220
178
D
0.02811
0
0
0.56393
V
200
N
201
199
221
179
D
0.00792
0.58854
0.20417
0.03432
0
V
201
N
202
200
222
180
D
0.27788
0.40471
0.14979
0.1139
0.05372
V
202
N
203
201
223
181
D
0.30553
0
V
203
N
204
202
224
182
D
0.18906
0
0.6265
0.02719
0
V
204
N
205
203
225
183
D
0.50423
0
0.42127
V
205
N
206
204
226
184
D
0.82714
0.17286
V
206
N
207
205
227
185
D
0.0236
0
0.22093
0.00705
0.6245
V
207
N
208
206
228
186
D
0.36729
0
0.58057
V
208
N
209
207
187
D
0.44251
0.17455
0.21165
0
0.15595
V
209
N
208
230
D
0.09114
0.26633
0
0
0.54281
V
212
N
213
233
191
D
0.44478
0
0.44404
0.044
0.06353
V
213
N
214
212
234
192
D
0.45403
0.54597
V
214
N
215
213
235
193
D
0.10925
0
0.62957
0
V
215
N
216
214
236
194
D
0.46754
0
0
0.00143
V
216
N
217
215
237
195
D
0.10597
0.00523
0
0.80857
V
217
N
218
216
238
196
D
0.10899
0
0.65472
0
0.10009
V
218
N
219
217
239
197
D
0.07925
0
0.00124
0
0.18503
V
219
N
220
218
240
198
D
0.93227
0.06773
V
220
N
221
219
241
199
D
0.42836
0.07573
0.25872
0.23719
V
221
N
222
220
242
200
D
0.1619
0.54498
0
0.05914
V
222
N
223
221
243
201
D
0.39206
0.09516
0.03756
0.03781
0
V
223
N
224
222
244
202
D
0.00047
0.9988
0.0002
0
0.00016
V
224
N
225
223
245
203
D
0.00194
0
0.84226
V
225
N
226
224
246
204
D
0.83276
0
V
226
N
227
225
247
205
D
0.00503
0
0.37185
0
V
227
N
228
226
248
206
D
0.20764
0.08584
0
0.63877
V
228
N
227
249
207
D
0.65462
0.34538
V
230
N
231
251
209
D
0.30139
0
0
V
231
N
230
252
D
0.4496
0.07524
0.19617
0.0301
0
V
233
N
234
254
212
D
0.2611
0
0
0.14
0.12453
V
234
N
235
233
255
213
D
0.06941
0
0.39788
0.15261
0.09048
V
235
N
236
234
256
214
D
0.03971
0.6318
0
V
236
N
237
235
257
215
D
0.70062
0.08868
0
0
V
237
N
238
236
258
216
D
0.56247
0
0.21459
V
238
N
239
237
259
217
D
0.00043
0.99174
0
0
V
239
N
240
238
260
218
D
0.20966
0.18318
0.352
0.02169
0.15543
0
V
240
N
241
239
261
219
D
0.03283
0.50182
0.0409
0
0.23754
V
241
N
242
240
262
220
D
0.12235
0
0.21194
0.12648
0.53913
V
242
N
243
241
263
221
D
0.24909
0
V
243
N
244
242
264
222
D
0.64317
0.19803
0
V
244
N
245
243
265
223
D
0.543
0
0.06228
0.37234
V
245
N
246
244
266
224
D
0.18128
0.10105
0.27256
0.05621
0
V
246
N
247
245
267
225
D
0.04514
0
0.12556
0.03365
0
V
247
N
248
246
268
226
D
0.44631
0.24755
0
V
248
N
249
247
269
227
D
0.08366
0.33104
0
0
V
249
N
250
248
270
228
D
0.00841
0
V
250
N
251
249
271
D
0.12814
0.53058
0.0121
0.01705
0.1844
0
V
251
N
252
250
272
230
D
0.46267
0
0
V
252
N
251
231
D
0.49094
0
0
V
254
N
255
233
D
0.11397
0
0.22984
0.16288
0.41849
V
255
N
256
254
276
234
D
0.86307
0.13274
0
V
256
N
257
255
277
235
D
0.67575
0.01035
0.18505
0
0.1181
V
257
N
258
256
278
236
D
0.0834
0.6164
0
0.15418
V
258
N
259
257
279
237
D
0.90443
0.00356
0
0
V
259
N
260
258
280
238
D
0.30049
0.69951
V
260
N
261
259
281
239
D
0.14172
0
0
0.18495
V
261
N
262
260
282
240
D
0.41897
0
0
V
262
N
263
261
283
241
D
0.79939
0
0.08475
0.02977
V
263
N
264
262
284
242
D
0.49246
0
V
264
N
265
263
285
243
D
0.04443
0.00521
0.01519
0.09742
0.0085
0.82897
0.00028
V
265
N
266
264
286
244
D
0.23214
0
0
0.36186
0.20062
V
266
N
267
265
287
245
D
0.63875
0
0
V
267
N
268
266
288
246
D
0.00832
0.1034
0.84716
0.00369
0.01946
0.01519
0.00278
V
268
N
269
267
289
247
D
0.54722
0.00468
0.44686
0
V
269
N
270
268
290
248
D
0.18403
0.38597
0.4118
0
V
270
N
271
269
291
249
D
0.14871
0
V
271
N
272
270
292
250
D
0.168
0
0
V
272
N
271
293
251
D
0.95621
0
V
276
N
277
297
255
D
0.40486
0
0
V
277
N
278
276
298
256
D
0.00587
0.98426
0.00024
0
V
278
N
279
277
299
257
D
0.28115
0
0.39845
V
279
N
280
278
300
258
D
0.05918
0.93429
0.00653
V
280
N
281
279
301
259
D
0.01652
0.08174
0.80351
0.07706
0
V
281
N
282
280
302
260
D
0.13116
0.0408
0
0.36397
0.16832
V
282
N
283
281
303
261
D
0.191
0
0.59462
0.20411
V
283
N
284
282
304
262
D
0.37959
0.09956
0.47811
0
V
284
N
285
283
305
263
D
0.6627
0
0.04146
0.24375
0.01013
V
285
N
286
284
306
264
D
0.10043
0.81441
0
0
0.04235
V
286
N
287
285
307
265
D
0.02949
0.0639
0
0.06066
0
V
287
N
288
286
308
266
D
0.55624
0
0.13363
V
288
N
289
287
309
267
D
0.78408
0.21592
V
289
N
290
288
310
268
D
0.73781
0
V
290
N
291
289
311
269
D
0.68058
0.00419
0
V
291
N
292
290
312
270
D
0.07253
0
0
V
292
N
293
291
313
271
D
0.82086
0.06332
0.00186
0.05497
0.05588
0.00311
V
293
N
292
314
272
D
0.05768
0
0.5145
V
297
N
298
318
276
D
0.0851
0
0.04452
V
298
N
299
297
319
277
D
0.00319
0
0
V
299
N
300
298
320
278
D
0.96558
0
V
300
N
301
299
321
279
D
0.00393
0.00064
0.89825
0
0.05721
V
301
N
302
300
322
280
D
0.03003
0.55677
0
0
V
302
N
303
301
323
281
D
0.98463
0
V
303
N
304
302
324
282
D
0.10042
0
0.65623
0
V
304
N
305
303
325
283
D
0.06214
0
V
305
N
306
304
326
284
D
0.30312
0
0.30868
V
306
N
307
305
327
285
D
0.22017
0
0.05501
0.59697
V
307
N
308
306
328
286
D
0.53622
0
0
V
308
N
309
307
329
287
D
0.30714
0
0.58932
0
V
309
N
310
308
330
288
D
0.0545
0
0.02727
0.44324
0
V
310
N
311
309
331
289
D
0.56938
0.43062
V
311
N
312
310
332
290
D
0.56467
0
0
0.17143
V
312
N
313
311
333
291
D
0.00057
6e-05
0.00727
0.00084
0.82454
0.16672
V
313
N
314
312
334
292
D
0.29561
0
V
314
N
313
335
293
D
0.08656
0.01296
0.12181
0
0.73815
0.01321
V
318
N
319
297
D
0.1335
0
0
V
319
N
320
318
340
298
D
0.26556
0
0
V
320
N
321
319
341
299
D
0.4591
0.14727
0.33178
0
V
321
N
322
320
342
300
D
0.14622
0.85378
V
322
N
323
321
343
301
D
0.03336
0.04137
0.7263
0
V
323
N
324
322
344
302
D
0.0138
0.8684
0
V
324
N
325
323
345
303
D
0.01688
0.013
0.89857
0.05058
0.01528
0
V
325
N
326
324
346
304
D
0.02101
0
0
0.88499
V
326
N
327
325
347
305
D
0.05006
0
0
V
327
N
328
326
348
306
D
0.97682
0
0.01328
V
328
N
329
327
349
307
D
0.08203
0
0
0
V
329
N
330
328
350
308
D
0.1949
0
0
V
330
N
331
329
351
309
D
0.12038
0.61177
0
0
0.07189
V
331
N
332
330
352
310
D
0.47567
0
0.44335
V
332
N
333
331
353
311
D
0.26933
0.73067
V
333
N
334
332
354
312
D
0.0388
0
0.17818
0.00101
0.38952
0.14105
V
334
N
335
333
355
313
D
0.73595
0
0.04924
V
335
N
334
314
D
0.31356
0.15998
0
0.46842
V
340
N
341
319
D
0.06684
0.39383
0
0.01286
0
V
341
N
342
340
362
320
D
0.00506
0
0.65269
0
0.26441
V
342
N
343
341
363
321
D
0.65266
0
V
343
N
344
342
364
322
D
0.17183
0
0.17776
0.46038
0
V
344
N
345
343
323
D
0.08032
0.09907
0
0.19974
0
V
345
N
346
344
324
D
0.09145
0.26389
0.23367
0.38354
0.02518
0.00227
V
346
N
347
345
367
325
D
0.24746
0.01367
0.00813
0.11493
0.60495
0
V
347
N
348
346
368
326
D
0.18535
0.24862
0.31549
0
0.11275
V
348
N
349
347
369
327
D
0.33762
0.27768
0
0.27633
V
349
N
350
348
370
328
D
0.02854
0
0
0.13764
V
350
N
351
349
371
329
D
0.05133
0
0.26603
0
V
351
N
352
350
372
330
D
0.13454
0.00283
0.1432
0
0
V
352
N
353
351
373
331
D
0.49336
0
V
353
N
354
352
374
332
D
0.0351
0.83231
0.00238
0
0.1044
V
354
N
355
353
375
333
D
0.42603
0
0.03005
0
V
355
N
354
334
D
0.23048
0.14884
0.00916
0
0
V
362
N
363
341
D
0.99611
0
V
363
N
364
362
384
342
D
0.96788
0
V
364
N
363
385
343
D
0.02136
0.68173
0.28534
0
V
367
N
368
346
D
0.42888
0
0
0.00036
V
368
N
369
367
389
347
D
0.395
0
V
369
N
370
368
390
348
D
0.62366
0.04171
0
V
370
N
371
369
391
349
D
0.06622
0
0
0.76684
V
371
N
372
370
392
350
D
0.58807
0
V
372
N
373
371
393
351
D
0.20962
0.66257
0.04841
0
0
V
373
N
374
372
394
352
D
0.26866
0
V
374
N
375
373
395
353
D
0.18058
0.00635
0.45575
0.01361
0
V
375
N
374
354
D
0.15369
0
0.03363
0.17531
V
384
N
385
363
D
0.00881
0.5808
0.38511
0
V
385
N
386
384
406
364
D
0.15705
0.84295
V
386
N
385
407
D
0.03479
0.00058
0.00984
0.01355
0
0.06933
V
389
N
390
410
368
D
0.74081
0
0
0.03307
V
390
N
391
389
411
369
D
0.31703
0.03193
0
0.22084
0
V
391
N
392
390
412
370
D
0.69239
0
0.00322
V
392
N
393
391
413
371
D
0.07357
0
0
0.06307
0.05193
V
393
N
394
392
414
372
D
0.11762
0
0.06522
0.2645
0.54362
V
394
N
395
393
415
373
D
0.06121
0
0.88555
0
0.00506
V
395
N
394
374
D
0.01245
0
0
V
406
N
407
385
D
0.82067
0
V
407
N
406
386
D
0.00078
0.18976
0.53417
0.13781
0.00025
0.00022
0.13701
V
410
N
411
431
389
D
0.10087
0
V
411
N
412
410
432
390
D
0.29637
0
0
0.03416
V
412
N
413
411
433
391
D
0.65555
0
V
413
N
414
412
392
D
0.38871
0.02448
0
0.00182
0
V
414
N
415
413
393
D
0.44713
0
0
0.00884
V
415
N
414
394
D
0.35762
0.1918
0
0
V
430
N
431
D
0.01659
0.46427
0.5166
0.00254
V
431
N
432
430
410
D
0.01274
0
0.0851
0.79289
0
V
432
N
433
431
411
D
0.11127
0
0.0001
2e-05
0.37122
0.50181
V
433
N
432
412
D
0.01346
0
0.23844
0.73341
