i_275_4_42_FR_lak507d
42
lak507d
A
0
32
29
25
A
1
32
41
25
A
2
32
31
42
A
3
32
42
22
V
32
N
33
53
D
0.76008
0
0
0
V
33
N
32
54
D
0.33532
0
0.08694
0.04783
0
V
48
N
49
69
D
0.56573
0
0
V
49
N
50
48
70
D
0.43353
0.35023
0.06196
0
V
50
N
49
71
D
0.59617
0
0
0.15444
0.0101
V
53
N
54
74
32
D
0.71957
0
0
V
54
N
53
75
33
D
0.26725
0
0
0.03852
0.52301
V
56
N
57
77
D
0.30457
0.07423
0.27398
0.00487
0.00054
0
V
57
N
58
56
78
D
0.05939
0
0.11852
0
V
58
N
57
79
D
0.26639
0.18508
0
0
0.23067
V
68
N
69
89
D
0.01207
0.00018
0.11598
0
0.00188
V
69
N
70
68
90
48
D
0.00394
0
0.0014
0.01169
0.75406
0.02943
V
70
N
71
69
91
49
D
0.21012
0
0
V
71
N
72
70
92
50
D
0.455
0
0
V
72
N
73
71
93
D
0.4436
0
0.48906
V
73
N
74
72
94
D
0.4962
0
0.28148
0.20715
V
74
N
75
73
95
53
D
0.23186
0
0.11627
0.54847
V
75
N
76
74
96
54
D
0.94339
0.03845
0
0
V
76
N
77
75
97
D
0.17675
0
0
V
77
N
78
76
98
56
D
0.10122
0
0.0574
0
V
78
N
79
77
99
57
D
0.37692
0
0.00081
0
V
79
N
80
78
100
58
D
0.04298
0
0
V
80
N
79
101
D
0.16523
0.04482
0
V
89
N
90
110
68
D
0.05557
0.75584
0
0
V
90
N
91
89
111
69
D
0.33004
0
0.66572
0.00017
V
91
N
92
90
112
70
D
0.70065
0.11963
0.02203
0.00098
0
0.13014
V
92
N
93
91
113
71
D
0.1451
0
0.02667
0.37818
0.1136
V
93
N
94
92
114
72
D
0.23299
0.75196
0
V
94
N
95
93
115
73
D
0.59927
0
0.33248
V
95
N
96
94
116
74
D
0.89216
0
V
96
N
97
95
117
75
D
0.1244
0.48461
0
V
97
N
98
96
118
76
D
0.42918
0.4961
0
V
98
N
99
97
119
77
D
0.88286
0.07245
0.02882
0
V
99
N
100
98
120
78
D
0.31578
0
0.26408
0.13727
V
100
N
101
99
121
79
D
0.00686
0.00189
0.00129
0.04754
0
0.01663
V
101
N
102
100
122
80
D
0.19823
0
0
V
102
N
101
123
D
0.43059
0.49438
0
0
V
109
N
110
130
D
0.85577
0
0.07624
V
110
N
111
109
131
89
D
0.20837
0.51542
0.17362
0
0.0976
V
111
N
112
110
132
90
D
0.22181
0.06189
0.02454
0.43167
0.05739
0
V
112
N
113
111
133
91
D
0.00687
0
0
0.39001
0.30213
V
113
N
114
112
134
92
D
0.08504
0.61103
0.2138
0.01677
0.07336
V
114
N
115
113
135
93
D
0.83378
0.16622
V
115
N
116
114
136
94
D
0.2927
0
0.24171
0.12968
0.06156
V
116
N
117
115
137
95
D
0.08301
0
0
V
117
N
118
116
138
96
D
0.20448
0.72282
0
V
118
N
119
117
139
97
D
0.44208
0
0
0.211
V
119
N
120
118
140
98
D
0.42619
0
0.10548
0
V
120
N
121
119
141
99
D
0.2796
0.55592
0
V
121
N
122
120
142
100
D
0.61441
0.32237
0
V
122
N
123
121
143
101
D
0.03462
0
0.0311
0.18363
V
123
N
124
122
144
102
D
0.77187
0
0
0.00041
V
124
N
123
145
D
0.63852
0
0
0.18513
0.0226
V
129
N
130
D
0.00644
0.08349
0.22603
0.03095
0.02313
0.38513
0.24483
V
130
N
131
129
109
D
0.05566
0.63939
0
0.03072
V
131
N
132
130
152
110
D
0.41807
0
V
132
N
133
131
153
111
D
0.03366
0.15433
0.37688
0.41553
0
V
133
N
134
132
154
112
D
0.11504
0
0
V
134
N
135
133
155
113
D
0.19123
0.25844
0.01087
0.36831
0.17115
V
135
N
136
134
156
114
D
0.03452
0
0
V
136
N
137
135
157
115
D
0.10586
0.10327
0
0.68163
0
V
137
N
138
136
158
116
D
0.0284
0
0
V
138
N
139
137
159
117
D
0.05653
0.50726
0.11346
0
0.27161
V
139
N
140
138
160
118
D
0.19081
0
0
0.06875
V
140
N
141
139
161
119
D
0.21106
0
0.02366
0
0.11646
V
141
N
142
140
162
120
D
0.01819
0
0.14631
0.41277
0.07684
V
142
N
143
141
163
121
D
0.53436
0
0
V
143
N
144
142
164
122
D
0.00585
0.058
0.01122
0.06835
0.70085
0.12268
0.03305
V
144
N
145
143
165
123
D
0.87483
0.12517
V
145
N
146
144
166
124
D
0.84547
0
0
0
V
146
N
145
D
0.77854
0
V
152
N
153
173
131
D
0.49596
0
0.00914
0
0.27739
V
153
N
154
152
174
132
D
0.19776
0
0.04351
V
154
N
155
153
175
133
D
0.5146
0
0.05667
0.2831
V
155
N
156
154
176
134
D
0.16688
0.36666
0
V
156
N
157
155
177
135
D
0.77779
0
0.08517
0.03474
0.06635
V
157
N
158
156
178
136
D
0.00314
0.19937
0.04289
0.73804
0
0.00697
V
158
N
159
157
179
137
D
0.17554
0.0091
0
0.16064
V
159
N
160
158
180
138
D
0.09484
0.54018
0.36498
V
160
N
161
159
181
139
D
0.02887
0
0.52731
V
161
N
162
160
182
140
D
0.51639
0
0
V
162
N
163
161
183
141
D
0.65766
0
V
163
N
164
162
184
142
D
0.42605
0
0.0579
0.24001
0.01136
V
164
N
165
163
185
143
D
0.94765
0
V
165
N
166
164
186
144
D
0.30368
0.0914
0.36967
0
V
166
N
165
187
145
D
0.47843
0
0.04074
0
V
173
N
174
194
152
D
0.10376
0
0.03448
V
174
N
175
173
195
153
D
0.43729
0
0
V
175
N
176
174
196
154
D
0.79457
0
V
176
N
177
175
197
155
D
0.14516
0
V
177
N
178
176
198
156
D
0.00384
0
0.70747
0.00907
V
178
N
179
177
199
157
D
0.19942
0.08927
0.39715
0.14694
0
V
179
N
180
178
200
158
D
0.02712
0.00988
0.95126
0
V
180
N
181
179
201
159
D
0.76978
0
0
V
181
N
182
180
202
160
D
0.04501
0
0.56539
0
0.3604
V
182
N
183
181
203
161
D
0.00921
0
V
183
N
184
182
204
162
D
0.10613
0
0
0.30279
V
184
N
185
183
205
163
D
0.13431
0
0.42284
0
V
185
N
186
184
206
164
D
0.02182
0
0.55672
0.07637
V
186
N
187
185
207
165
D
0.23431
0
0.15282
0.28764
V
187
N
186
208
166
D
0.00974
0
0.87991
V
193
N
194
214
D
0.15229
0
0.08081
0.04948
0.0744
0.5517
V
194
N
195
193
215
173
D
0.14268
0
0.01132
0.80484
0
V
195
N
196
194
216
174
D
0.62039
0
0
V
196
N
197
195
217
175
D
0.27266
0.30057
0.42541
0.00136
V
197
N
198
196
218
176
D
0.53785
0
0
0.02324
V
198
N
199
197
219
177
D
0.59526
0
0.06978
0.29398
V
199
N
200
198
220
178
D
0.01084
0.03262
0.44485
0
0
V
200
N
201
199
221
179
D
0.0644
0.29701
0
0.1549
0.43039
V
201
N
202
200
222
180
D
0.38863
0.15278
0.39584
0
V
202
N
203
201
223
181
D
0.3127
0
V
203
N
204
202
224
182
D
0.01999
0.6881
0.17153
0.06588
0
V
204
N
205
203
225
183
D
0.78465
0.21535
V
205
N
206
204
226
184
D
0.50562
0.29591
0.06809
0
V
206
N
207
205
227
185
D
0.50986
0.38433
0.10552
0
V
207
N
208
206
186
D
0.75465
4e-05
0
2e-05
0.02302
V
208
N
209
207
187
D
0.03748
0
V
209
N
208
230
D
0.89198
0
V
212
N
213
233
D
0.23246
0.05454
0.13504
0.02218
0.46293
0.09285
V
213
N
214
212
234
D
0.29726
0
0.23578
0.2254
0.04098
0.05881
V
214
N
215
213
235
193
D
0.31995
0.34262
0.02581
0
V
215
N
216
214
236
194
D
0.25747
0
0
V
216
N
217
215
237
195
D
0.3582
0
V
217
N
218
216
238
196
D
0.25424
0.14878
0
V
218
N
219
217
239
197
D
0.84064
0.15936
V
219
N
220
218
240
198
D
0.54331
0.1522
0
V
220
N
221
219
241
199
D
0.63855
0
V
221
N
222
220
242
200
D
0.20957
0
V
222
N
223
221
243
201
D
0.25801
0
0
0.156
V
223
N
224
222
244
202
D
0.77623
0
V
224
N
225
223
245
203
D
0.45477
0
V
225
N
226
224
246
204
D
0.25642
0.34791
0
0.2041
0
V
226
N
227
225
247
205
D
0.00031
0
3e-05
0.76456
0.18667
V
227
N
226
248
206
D
0.0026
0.00261
0.63763
0
0.13211
0.00111
V
230
N
231
251
209
D
0.87265
0
0
V
231
N
230
252
D
0.0688
0.00877
0.58252
0.33932
0.00059
V
233
N
234
254
212
D
0.44595
0
V
234
N
235
233
255
213
D
0.17715
0
V
235
N
236
234
256
214
D
0.0009
0.00304
0.03356
0.00082
0.95183
0
V
236
N
237
235
257
215
D
0.79657
0.06256
0
V
237
N
238
236
258
216
D
0.23197
0
0
V
238
N
239
237
259
217
D
0.0541
0
0
0.17585
V
239
N
240
238
260
218
D
0.19202
0
0
V
240
N
241
239
261
219
D
0.0649
0.21818
0.00147
0.13348
0.17742
0
V
241
N
242
240
262
220
D
0.26718
0.68925
0.00039
0.00502
0.00755
0.01422
0.01639
V
242
N
243
241
263
221
D
0.15321
0
0.38308
0.18041
0.11598
V
243
N
244
242
264
222
D
0.37495
0.39501
0
V
244
N
245
243
265
223
D
0.99659
0.00147
0
0
V
245
N
246
244
266
224
D
0.36644
0
V
246
N
247
245
267
225
D
0.8152
0
V
247
N
248
246
268
226
D
0.34958
0.13578
0
0.16827
V
248
N
247
269
227
D
0.006
0
0.01418
0.00032
0.97826
V
251
N
252
272
230
D
0.02785
0
0
V
252
N
251
231
D
0.09665
0
0.04443
V
254
N
255
233
D
0.09219
0.66916
0
V
255
N
256
254
276
234
D
0.12748
0.41584
0
0.08784
0.1838
V
256
N
257
255
277
235
D
0.03468
0.01061
0.55282
0.00038
0.31488
0
V
257
N
258
256
278
236
D
0.01197
0
0
V
258
N
259
257
279
237
D
0.86014
0.05423
0.016
0
0.0133
V
259
N
260
258
280
238
D
0.35266
0
V
260
N
261
259
281
239
D
0.0824
0.06661
0
0.70555
V
261
N
262
260
282
240
D
0.44039
0
0
V
262
N
263
261
283
241
D
0.05662
0
0.23849
0.08645
V
263
N
264
262
284
242
D
0.28704
0
0
V
264
N
265
263
285
243
D
0.25728
0
0
V
265
N
266
264
286
244
D
0.48779
0.3535
0.06991
0.03857
0.05023
V
266
N
267
265
287
245
D
0.35473
0.03566
0.21244
0
0.03336
V
267
N
268
266
288
246
D
0.54462
0
0
V
268
N
269
267
289
247
D
0.32072
0
0
0.16059
0.32521
V
269
N
270
268
290
248
D
0.03703
0.24276
0
0
0.59212
V
270
N
271
269
291
D
0.52247
0.10115
0
0
V
271
N
272
270
292
D
0.05824
0.15413
0.32338
0.07199
0.03476
0.3575
V
272
N
271
293
251
D
0.17713
0
0.4457
0
0.01988
V
276
N
277
297
255
D
0.0952
0.13046
0
0.47205
0.01901
V
277
N
278
276
298
256
D
0.86151
0
V
278
N
279
277
299
257
D
0.66753
0
0.02894
0.05133
V
279
N
280
278
300
258
D
0.4913
0
V
280
N
281
279
301
259
D
0.10514
0
0.05239
0.72391
V
281
N
282
280
302
260
D
0.00372
0
0.10614
0
V
282
N
283
281
303
261
D
0.79299
0.01618
0
V
283
N
284
282
304
262
D
0.01454
0.03107
0.83081
0
0.00375
V
284
N
285
283
305
263
D
0.08631
0
V
285
N
286
284
306
264
D
0.25747
0
0
0
V
286
N
287
285
307
265
D
0.01115
0.31331
0.0974
0
0
V
287
N
288
286
308
266
D
0.58869
0
0.26986
0.01034
V
288
N
289
287
309
267
D
0.47105
0.21554
0
0.24741
V
289
N
290
288
310
268
D
0.77337
0
0
0
V
290
N
291
289
311
269
D
0.00021
0.00028
0.99535
0
0
V
291
N
292
290
312
270
D
0.06702
0
0
V
292
N
293
291
313
271
D
0.23534
0
0.02525
0.16233
0.42508
V
293
N
292
314
272
D
0.04136
0
0.166
0.48892
V
297
N
298
318
276
D
0.09823
0
0.00776
V
298
N
299
297
319
277
D
0.49177
0
0.00397
0.02304
0.32453
0.12781
V
299
N
300
298
320
278
D
0.54802
0.16334
0
0
V
300
N
301
299
321
279
D
0.04204
0.95796
V
301
N
302
300
322
280
D
0.01556
0.4725
0.07365
0.09094
0
0.02149
V
302
N
303
301
323
281
D
0.06459
0.2251
0.40628
0
0.29118
V
303
N
304
302
324
282
D
0.31061
0
V
304
N
305
303
325
283
D
0.14758
0
0
0.04213
0.20146
V
305
N
306
304
326
284
D
0.62011
0.29918
0
0.07359
V
306
N
307
305
327
285
D
0.53229
0
V
307
N
308
306
328
286
D
0.13036
0.19657
0
V
308
N
309
307
329
287
D
0.15493
0.01646
0
0.23604
0.01307
V
309
N
310
308
330
288
D
0.11531
0.03484
0
0.74034
0
V
310
N
311
309
331
289
D
0.09966
0.0157
0.84039
0.0019
0.01314
0
V
311
N
312
310
332
290
D
0.00373
0
V
312
N
313
311
333
291
D
0.05694
0
0
V
313
N
314
312
334
292
D
0.04284
0.10076
0.8564
V
314
N
313
335
293
D
0.54211
0
0
V
318
N
319
297
D
0.33922
0
0
V
319
N
320
318
340
298
D
0.02601
0
0
V
320
N
321
319
341
299
D
0.81628
0.09572
0.00035
0.08765
V
321
N
322
320
300
D
0.28025
0
0.71056
V
322
N
323
321
343
301
D
0.08382
0
0.19626
0.32086
0.20626
V
323
N
324
322
344
302
D
0.02267
0.36811
0.00013
0.04136
0
0.01372
V
324
N
325
323
345
303
D
0.00246
0
0.39474
0.14817
0
V
325
N
326
324
346
304
D
0.02285
0
0.34413
0.17755
V
326
N
327
325
347
305
D
0.44931
0.05839
0
0
0.28601
V
327
N
328
326
348
306
D
0.26966
0.64792
0
V
328
N
329
327
349
307
D
0.05114
0.39607
0
0.25567
0.2109
V
329
N
330
328
350
308
D
0.47672
0
0
V
330
N
331
329
351
309
D
0.83967
0
0
V
331
N
332
330
352
310
D
0.16764
0
0
V
332
N
333
331
353
311
D
0.03226
0.45434
0.35004
0.08412
0
V
333
N
334
332
354
312
D
0.01275
0.06501
0.81252
0
0.0748
V
334
N
335
333
355
313
D
0.26106
0
0
0.09718
0.46981
V
335
N
334
314
D
0.08837
0.21461
0
V
340
N
341
319
D
0.73582
0.00026
0.23816
0
0.02477
V
341
N
340
320
D
0.08515
0
0
0
V
343
N
344
364
322
D
0.06877
0.70008
0
0.10826
0.05127
V
344
N
345
343
365
323
D
0.01406
0
0.80954
V
345
N
346
344
366
324
D
0.57484
0.0383
0.02558
0
0
V
346
N
347
345
367
325
D
0.63435
0.3535
0
V
347
N
348
346
368
326
D
0.64786
0.24496
0
0
V
348
N
349
347
369
327
D
0.07583
0
0.16129
0
V
349
N
350
348
370
328
D
0.06662
0.12863
0.00101
0.23921
0.10469
0
V
350
N
351
349
371
329
D
0.14822
0.70101
0.02775
0.10858
0.01308
0
V
351
N
352
350
372
330
D
0.22374
0.55379
0
V
352
N
353
351
373
331
D
0.09506
0.62051
0
0.18993
0.08352
V
353
N
354
352
374
332
D
0.2681
0.05442
0.06945
0
0.59998
V
354
N
355
353
333
D
0.08055
0
0.58686
V
355
N
354
334
D
0.05055
0.01849
0.20458
0.17569
0.39125
0.08593
0.07351
V
364
N
365
385
343
D
0.01738
0
0.34477
0.00253
0.0003
V
365
N
366
364
386
344
D
0.02654
0.08584
0.19649
0
0
V
366
N
367
365
387
345
D
0.24534
0
0
V
367
N
368
366
388
346
D
0.20722
0.08745
0
0.20876
0
V
368
N
369
367
389
347
D
0.95866
0
V
369
N
370
368
390
348
D
0.27254
0.3933
0
0
0.24635
V
370
N
371
369
391
349
D
0.17339
0.08154
0
0.58428
0.02014
V
371
N
372
370
392
350
D
0.08133
0.06566
0
0.57969
0.11167
0.09669
V
372
N
373
371
393
351
D
0.03962
0.86208
0.02187
0.07643
V
373
N
374
372
394
352
D
0.38534
0.19808
0.21627
0
0.02571
V
374
N
373
395
353
D
0.15936
0
0
0.03168
0.00971
V
384
N
385
D
0.44728
0
0
V
385
N
386
384
406
364
D
0.01716
0.97677
0.00607
V
386
N
387
385
407
365
D
0.05452
0.86942
0.00229
0.03809
0
V
387
N
388
386
408
366
D
0.01954
0
0
V
388
N
389
387
409
367
D
0.72142
0
V
389
N
390
388
410
368
D
0.61209
0.38791
V
390
N
391
389
411
369
D
0.32923
0
0.32205
V
391
N
392
390
370
D
0.0771
0.22556
0
0.10225
0.38933
0.02718
V
392
N
393
391
371
D
0.17982
0
0
V
393
N
394
392
372
D
0.16802
0.11898
0
0.64616
V
394
N
395
393
415
373
D
0.33202
0
V
395
N
394
374
D
0.0647
0
0.01785
0.0857
0.12411
0.68877
V
406
N
407
385
D
0.74937
0.00916
0.00013
0
0.2398
V
407
N
408
406
386
D
0.00835
0.00679
0.06096
0
0.92007
0.00211
V
408
N
409
407
387
D
0.00812
0
0.00593
0.00555
0.91949
V
409
N
410
408
430
388
D
0.00315
0.60883
0
0
V
410
N
411
409
431
389
D
0.64786
0
0
0
V
411
N
410
432
390
D
0.03075
0.01869
0.06932
0.22523
0
V
415
N
394
D
0.37976
0
0.50089
V
430
N
431
409
D
0.69144
0
0
V
431
N
432
430
410
D
0.0145
0.49203
0.22466
0
0.20288
V
432
N
431
411
D
0.01854
0
0.63518
0
