i_28_1_18_FR_lgt101d
18
lgt101d
A
0
13
11
3
V
13
N
14
24
D
0.20051
0
V
14
N
15
13
25
D
0.2119
0.0543
0.10959
0
0.60294
V
15
N
16
14
26
D
0.9244
0.00087
0.04581
0
0.01704
V
16
N
17
15
27
D
0.19723
0.16136
0
V
17
N
18
16
28
D
0.2402
0
0.00926
0.4443
0.28367
V
18
N
19
17
29
D
0.1603
0
0
0.02648
V
19
N
20
18
30
D
0.82106
0
0.01202
V
20
N
21
19
31
D
0.16461
0
0
0.13913
V
21
N
22
20
D
0.05684
0.00767
0.51814
0.11519
0
V
22
N
21
D
0.18736
0.00625
0.61376
0
V
24
N
25
13
D
0.00022
0.99324
0
0.00014
0.00428
V
25
N
26
24
36
14
D
0.56491
0.03866
0.10904
0.26983
0
V
26
N
27
25
15
D
0.1637
0
0
V
27
N
28
26
38
16
D
0.04721
0.00207
0.01174
0
0.00072
0.93821
V
28
N
29
27
39
17
D
0.04466
0
0.68858
0
V
29
N
30
28
18
D
0.25422
0.0343
0
0
V
30
N
31
29
19
D
0.33659
0.36659
0
0
V
31
N
30
20
D
0.11251
0.03493
0
V
36
N
25
D
0.03904
0.10294
0.18665
0
0.34476
0.1003
V
38
N
39
27
D
0.23462
0.3732
0
0.20514
V
39
N
38
28
D
0.35953
0.08266
0.00362
0
V
51
N
62
D
0.94194
0
0.00651
0.0369
V
53
N
D
0.07977
0.01704
0.15569
0
0.32085
V
57
N
58
D
0.12556
0.65004
0.01507
0
0
V
58
N
57
D
0.85295
0
V
61
N
62
D
0.01394
0
V
62
N
63
61
51
D
0.78951
0
V
63
N
62
D
0.63365
0
