i_297_4_42_FR_lak307d
42
lak307d
A
0
31
35
10
A
1
31
37
6
A
2
31
23
9
A
3
31
38
16
V
31
N
32
52
D
0.01845
0
0
0.63094
V
32
N
33
31
53
D
0.4846
0.24877
0
0.02634
V
33
N
34
32
54
D
0.00321
0
0.00483
0.00465
0.05767
0.92715
V
34
N
33
55
D
0.19172
0
0.04501
0
V
48
N
49
69
D
0.6228
0
0.00637
0.17066
0.13007
0.00613
V
49
N
50
48
70
D
0.29374
0
0.46556
V
50
N
51
49
71
D
0.14054
0.47032
0.24097
0
V
51
N
52
50
72
D
0.16471
0
V
52
N
53
51
73
31
D
0.95891
0
V
53
N
54
52
74
32
D
0.05869
0
0.04516
0.31634
0.10859
V
54
N
55
53
75
33
D
0.77148
0
0
V
55
N
56
54
76
34
D
0.03435
0.22932
0
0.69681
V
56
N
57
55
77
D
0.44869
0
0.00325
0.29524
0.00761
0.18474
V
57
N
58
56
78
D
0.31499
0.57587
0.04947
0
V
58
N
57
79
D
0.04414
0.7759
0.01015
0.01262
0
0.0643
V
68
N
69
89
D
0.2953
0
0.53685
V
69
N
70
68
90
48
D
0.29417
0.06278
0.43351
0
0
V
70
N
71
69
91
49
D
0.2826
0
0
0.01713
V
71
N
72
70
92
50
D
0.05596
0.85736
0
0.01093
0.02265
0.00042
V
72
N
73
71
93
51
D
0.10451
0.00823
0.32018
0.41642
0
V
73
N
74
72
94
52
D
0.13425
0.00346
0.32098
0.26056
0
0.27183
V
74
N
75
73
95
53
D
0.31206
0.29329
0
0.16868
0.08651
V
75
N
76
74
96
54
D
0.851
0.149
V
76
N
77
75
97
55
D
0.43392
0
V
77
N
78
76
98
56
D
0.42856
0
V
78
N
79
77
99
57
D
0.59476
0.40524
V
79
N
80
78
100
58
D
0.26657
0.51906
0
0.04549
0.15821
V
80
N
79
101
D
0.47303
0.22459
0.30238
V
88
N
89
109
D
0.10121
0
0.00606
V
89
N
90
88
110
68
D
0.06942
0.65494
0.00222
0
0
V
90
N
91
89
111
69
D
0.00368
0.10023
0.18291
0
0
V
91
N
92
90
112
70
D
0.55874
0
V
92
N
93
91
113
71
D
0.32392
0.01448
0
0.40099
0.02466
V
93
N
94
92
114
72
D
0.00189
0
0
V
94
N
95
93
115
73
D
0.21948
0.19637
0
0.42813
V
95
N
96
94
116
74
D
0.30446
0
0.00058
0.01501
0.37305
V
96
N
97
95
117
75
D
0.91431
0
V
97
N
98
96
118
76
D
0.56391
0
V
98
N
99
97
119
77
D
0.766
0
V
99
N
100
98
120
78
D
0.0147
0
0
0.71761
0.0713
V
100
N
101
99
121
79
D
0.0012
0
0
0.55484
0.23305
V
101
N
102
100
122
80
D
0.36105
0.4023
0
0
V
102
N
101
123
D
0.99604
0
V
109
N
110
130
88
D
0.9752
0
V
110
N
111
109
131
89
D
0.21404
0
0
V
111
N
112
110
132
90
D
0.0276
0.03912
0
0
0.0555
V
112
N
113
111
133
91
D
0.18939
0.66884
0.01543
0.12634
V
113
N
114
112
134
92
D
0.00368
0.00154
0
0.22102
0
V
114
N
115
113
135
93
D
0.01822
0.00784
0
0.03448
0.02671
0.53561
V
115
N
116
114
136
94
D
0.02839
0.97161
V
116
N
117
115
137
95
D
0.36626
0
0
0.43122
V
117
N
118
116
138
96
D
0.54485
0
V
118
N
119
117
139
97
D
0.01523
0
0.02834
0
V
119
N
120
118
140
98
D
0.61161
0.22951
0.15888
V
120
N
121
119
141
99
D
0.46237
0
V
121
N
122
120
142
100
D
0.07245
0.85817
0
0
0.02927
V
122
N
123
121
143
101
D
0.64386
0
V
123
N
124
122
144
102
D
0.0508
0.03173
0.15142
0.63666
0.08785
0.04154
V
124
N
123
145
D
0.80055
0.19945
V
129
N
130
150
D
0.00412
0.37811
0.40211
0.00118
0
V
130
N
131
129
151
109
D
0.22353
0
0
V
131
N
132
130
152
110
D
0.20102
0
0.23497
V
132
N
133
131
153
111
D
0.31543
0
0
0.44546
V
133
N
134
132
154
112
D
0.4263
0
V
134
N
135
133
155
113
D
0.32433
0
0
V
135
N
136
134
156
114
D
0.22268
0
0.34211
0
0.00228
V
136
N
137
135
157
115
D
0.41685
0
V
137
N
138
136
158
116
D
0.06052
0.53239
0
0.23665
V
138
N
139
137
159
117
D
0.24197
0.74323
0
V
139
N
140
138
160
118
D
0.07146
0.92854
V
140
N
141
139
161
119
D
0.17673
0
0.42116
0.04718
V
141
N
142
140
162
120
D
0.05309
0
0.00494
0.9287
0
V
142
N
143
141
163
121
D
0.08721
0.91279
V
143
N
144
142
164
122
D
0.0045
0.99422
0.00128
V
144
N
145
143
165
123
D
0.40454
0.17414
0
0
0.21002
V
145
N
144
166
124
D
0.24153
0
0
V
150
N
151
171
129
D
0.17607
0.00061
0
0
V
151
N
152
150
172
130
D
0.61254
0
V
152
N
153
151
173
131
D
0.59806
0.04887
0
0
V
153
N
154
152
174
132
D
0.45185
0
0
V
154
N
155
153
175
133
D
0.02234
0.23496
0
0
V
155
N
156
154
176
134
D
0.65134
0.34866
V
156
N
157
155
177
135
D
0.00468
0
0
V
157
N
158
156
178
136
D
0.71315
0.2824
0
V
158
N
159
157
179
137
D
0.13077
0
0
V
159
N
160
158
180
138
D
0.28006
0.00083
0
0.4653
0.2322
V
160
N
161
159
181
139
D
0.14255
0
0.00744
0
V
161
N
162
160
182
140
D
0.04881
0
0
V
162
N
163
161
183
141
D
0.18235
0.03659
0.65883
0
V
163
N
164
162
184
142
D
0.71694
0
V
164
N
165
163
185
143
D
0.02841
0
0
0.00432
V
165
N
166
164
186
144
D
0.00112
0.04968
0.74612
0.10387
0.00025
0
V
166
N
167
165
187
145
D
0.00556
0.30281
0.66704
0
V
167
N
166
D
0.00569
0.90339
0.05938
0
0
V
171
N
172
192
150
D
0.03224
0.04027
0
0.00542
0.02194
V
172
N
173
171
193
151
D
0.4499
0
0.03341
0.16535
0.13422
V
173
N
174
172
194
152
D
0.69736
0
0
V
174
N
175
173
195
153
D
0.07907
0.14795
0.05366
0
0
V
175
N
176
174
196
154
D
0.65863
0.16478
0
0
V
176
N
177
175
197
155
D
0.00829
0.02591
0.0008
0
0.00013
0.91058
V
177
N
178
176
198
156
D
0.52919
0
V
178
N
179
177
199
157
D
0.19851
0.77343
0.02806
V
179
N
180
178
200
158
D
0.04546
0.0195
0
0
0.0908
V
180
N
181
179
201
159
D
0.01049
0.11165
0.58656
0
V
181
N
182
180
202
160
D
0.20914
0
V
182
N
183
181
203
161
D
0.18564
0.7831
0
V
183
N
184
182
204
162
D
0.52309
0
0
V
184
N
185
183
205
163
D
0.94993
0
0.00385
0
V
185
N
186
184
206
164
D
0.00082
0.9977
0
V
186
N
187
185
207
165
D
0.13333
0.26356
0.24407
0.07907
0.17176
0.10821
V
187
N
186
208
166
D
0.15246
0
0.01013
0.41864
0.20614
V
191
N
192
212
D
0.30502
0.44783
0.24715
V
192
N
193
191
213
171
D
0.05813
0
0.76187
V
193
N
194
192
214
172
D
0.33664
0.24044
0.42292
V
194
N
195
193
215
173
D
0.16235
0
0.37379
0.2789
V
195
N
196
194
216
174
D
0.52273
0
0.19526
V
196
N
197
195
217
175
D
0.05543
0
0
V
197
N
198
196
218
176
D
0.16628
0.12576
0.03328
0
V
198
N
199
197
219
177
D
0.57241
0
V
199
N
200
198
220
178
D
0.54621
0
0
V
200
N
201
199
221
179
D
0.5334
0.0002
0.25903
0.01939
0.17489
0.01309
V
201
N
202
200
222
180
D
0.00531
0
0.0004
0
0.23586
V
202
N
203
201
223
181
D
0.21565
0.05102
0
V
203
N
204
202
224
182
D
0.36572
0.19365
0
V
204
N
205
203
225
183
D
0.35712
0
0.02988
V
205
N
206
204
226
184
D
0.3482
0.08778
0
0
V
206
N
207
205
227
185
D
0.07811
0
0.04318
0.00597
0
V
207
N
208
206
228
186
D
0.3139
0.10769
0.44942
0
V
208
N
209
207
187
D
0.0038
0.01418
0.00419
0
0
V
209
N
208
230
D
0.11798
0
0.86382
V
212
N
213
233
191
D
0.32588
0.05743
0.34552
0
V
213
N
214
212
234
192
D
0.20458
0.15809
0.56159
0
0.06625
V
214
N
215
213
235
193
D
0.0981
0.41527
0.48355
0
0.00067
V
215
N
216
214
236
194
D
0.78031
0
V
216
N
217
215
237
195
D
0.59158
0.18509
0
V
217
N
218
216
238
196
D
0.00115
0
0.01257
0.86222
0.03056
V
218
N
219
217
239
197
D
0.28269
0
V
219
N
220
218
240
198
D
0.11733
0.85665
0
0.01585
V
220
N
221
219
241
199
D
0.30714
0
0.03691
0
V
221
N
222
220
242
200
D
0.00082
0.01208
0
0
V
222
N
223
221
243
201
D
0.5771
0.00496
0
0
0.03265
V
223
N
224
222
244
202
D
0.92894
0.07106
V
224
N
225
223
245
203
D
0.26641
0.17287
0.22953
0.23075
0.00317
0.09727
V
225
N
226
224
246
204
D
0.00033
0.00021
0.92406
0
0.05403
0.01359
V
226
N
227
225
247
205
D
0.07845
0.00459
0.81109
0.06115
0
0.03332
V
227
N
228
226
248
206
D
0.841
0
0.10982
V
228
N
227
249
207
D
0.26275
0.29827
0
0
V
230
N
231
251
209
D
0.65947
0.34053
V
231
N
230
252
D
0.18326
0.21426
0
0.44854
0.05094
0.08271
V
233
N
234
254
212
D
0.27412
0
V
234
N
235
233
255
213
D
0.08702
0.75134
0
V
235
N
236
234
256
214
D
0.17057
0.14877
0.14125
0.53941
V
236
N
237
235
257
215
D
0.01767
0
0
V
237
N
238
236
258
216
D
0.02452
0.84609
0.0759
0
V
238
N
239
237
259
217
D
0.6111
0
0
V
239
N
240
238
260
218
D
0.16009
0.39878
0.13239
0
V
240
N
241
239
261
219
D
0.78508
0
0
V
241
N
242
240
262
220
D
0.41898
0
0.01295
0
V
242
N
243
241
263
221
D
0.09084
0
0
V
243
N
244
242
264
222
D
0.19826
0
0
V
244
N
245
243
265
223
D
0.57024
0.07332
0
0.04931
0.00149
V
245
N
246
244
266
224
D
0.86075
0.00012
0.0407
0.00044
0.0974
0.00059
V
246
N
247
245
267
225
D
0.57787
0.2108
0.14197
0.05525
0
0.00764
V
247
N
248
246
268
226
D
0.72837
0.27163
V
248
N
249
247
269
227
D
0.0632
0.00115
0.68968
0
0
V
249
N
250
248
270
228
D
0.11685
0
0.7737
V
250
N
251
249
271
D
0.6371
0.18101
0
V
251
N
252
250
272
230
D
0.80304
0.12917
0
V
252
N
251
231
D
0.55857
0
0.06396
V
254
N
255
233
D
0.11911
0.028
0
0
0.02455
V
255
N
256
254
276
234
D
0.5206
0.29962
0.1454
0.01889
0.01549
V
256
N
257
255
277
235
D
0.58044
0
V
257
N
258
256
278
236
D
0.02028
0.09863
0.88109
V
258
N
259
257
279
237
D
0.90044
0
0
3e-05
V
259
N
260
258
280
238
D
0.03941
0.11139
0.15422
0.5996
0
0.0105
V
260
N
261
259
281
239
D
0.54325
0
0
V
261
N
262
260
282
240
D
0.0229
0.33758
0.01687
0.36729
0.25536
V
262
N
263
261
283
241
D
0.15645
0.01618
0.79937
0
V
263
N
264
262
284
242
D
0.67938
0
V
264
N
265
263
285
243
D
0.09123
0.0581
0
0
V
265
N
266
264
286
244
D
0.29858
0.07334
0
V
266
N
267
265
287
245
D
0.01413
0
0.84649
0
V
267
N
268
266
288
246
D
0.96883
0.02156
0
0.0003
0.00162
V
268
N
269
267
289
247
D
0.76879
0
V
269
N
270
268
290
248
D
0.57055
0
V
270
N
271
269
291
249
D
0.01095
0
0.03872
0.03043
0.05212
0.80144
V
271
N
272
270
292
250
D
0.15451
0.08483
0.00099
0.73219
0
0.00378
V
272
N
271
293
251
D
0.93885
0.02725
0.0177
0.0162
V
276
N
277
297
255
D
0.14841
0.19512
0
0.01287
0.57682
V
277
N
278
276
298
256
D
0.08377
0.01378
0
0.14198
0.20174
0.54522
V
278
N
279
277
299
257
D
0.76668
0
V
279
N
280
278
300
258
D
0.16278
0
V
280
N
281
279
301
259
D
0.47769
0.00462
0.04294
0.03163
0.15946
0
V
281
N
282
280
302
260
D
0.02754
0
0
0.01934
0.44255
V
282
N
283
281
303
261
D
0.09661
0
0
V
283
N
284
282
304
262
D
0.43887
0.20254
0
V
284
N
285
283
305
263
D
0.04351
0
0.0429
0
0.02081
V
285
N
286
284
306
264
D
0.81434
0
0.003
0
0.07569
V
286
N
287
285
307
265
D
0.3138
0
0.02142
0
0.5264
V
287
N
288
286
308
266
D
0.18466
0.76987
0
0
V
288
N
289
287
309
267
D
0.63408
0
V
289
N
290
288
310
268
D
0.62906
0
V
290
N
291
289
311
269
D
0.32483
0.05898
0
0
V
291
N
292
290
312
270
D
0.49869
0
0
V
292
N
293
291
313
271
D
0.49858
0.073
0.0092
0.32498
0.01252
0
V
293
N
292
314
272
D
0.1572
0.26982
0.28954
0.09252
0
V
297
N
298
318
276
D
0.03428
0
0
V
298
N
299
297
319
277
D
0.21925
0
0.37862
0.26052
V
299
N
300
298
320
278
D
0.0551
0.27561
0.02631
0.47315
0
V
300
N
301
299
321
279
D
0.38861
0
0
0.57462
V
301
N
302
300
322
280
D
0.22599
0.00147
0.36241
0
V
302
N
303
301
323
281
D
0.02775
0.13535
0.01215
0.01349
0.64266
0.00801
0.16059
V
303
N
304
302
324
282
D
0.6403
0
V
304
N
305
303
325
283
D
0.55178
0.05774
0
V
305
N
306
304
326
284
D
0.56319
0
0.10544
V
306
N
307
305
327
285
D
0.01047
0
0.04709
0
V
307
N
308
306
328
286
D
0.34352
0
V
308
N
309
307
329
287
D
0.05126
0.03932
0.02795
0.51668
0.36479
V
309
N
310
308
330
288
D
0.26595
0
0.28424
0.06515
V
310
N
311
309
331
289
D
0.45865
0
0
V
311
N
312
310
332
290
D
0.12195
0.04255
0
V
312
N
313
311
333
291
D
0.58661
0.06095
0
V
313
N
314
312
334
292
D
0.01383
0
0.68304
V
314
N
313
335
293
D
0.04049
0.00059
0
0.12597
0.66952
V
318
N
319
297
D
0.26086
0.02066
0
0
V
319
N
320
318
340
298
D
0.86327
0.13673
V
320
N
321
319
341
299
D
0.02169
0.89217
0.0253
0.00027
0.03926
0.02131
V
321
N
322
320
342
300
D
0.87092
0.12908
V
322
N
323
321
343
301
D
0.01444
0
0
0.97202
V
323
N
324
322
344
302
D
0.55613
0.18742
0
0
V
324
N
325
323
345
303
D
0.00348
0
0
0.02762
0.33893
V
325
N
326
324
346
304
D
0.37314
0
0
0
V
326
N
327
325
347
305
D
0.8908
0
V
327
N
328
326
348
306
D
0.03643
0.00051
0
0.00049
0.96123
V
328
N
329
327
349
307
D
0.08532
0
V
329
N
330
328
350
308
D
0.27075
0.0339
0.26803
0.05655
0
V
330
N
331
329
351
309
D
0.25397
0.31681
0
V
331
N
332
330
352
310
D
0.03029
0
0.02571
0.64082
V
332
N
333
331
353
311
D
0.92162
0
V
333
N
334
332
354
312
D
0.29274
0.23594
0.03917
0.43215
V
334
N
335
333
355
313
D
0.11729
0.76468
0
0.0658
V
335
N
334
314
D
0.57542
0
0.02249
0
0.02086
V
340
N
341
319
D
0.01035
0
0
0
V
341
N
342
340
362
320
D
0.81316
0
V
342
N
343
341
363
321
D
0.03571
0
0
0.73648
V
343
N
344
342
364
322
D
0.79638
0.20362
V
344
N
345
343
365
323
D
0.00763
0
0
0.00884
V
345
N
346
344
366
324
D
0.23972
0.03517
0.05199
0
0.40714
V
346
N
347
345
367
325
D
0.40302
0.00764
0
0.42926
0.03156
0.12218
V
347
N
348
346
368
326
D
0.22714
0
0
V
348
N
349
347
369
327
D
0.0599
0.03488
0.00604
0
0.33706
V
349
N
350
348
370
328
D
0.74009
0
V
350
N
351
349
371
329
D
0.00074
0.98866
0
0
V
351
N
352
350
372
330
D
0.3649
0
0
0.41176
0.0328
V
352
N
353
351
373
331
D
0.56954
0.00422
0.00717
0.01811
0
V
353
N
354
352
374
332
D
0.19591
0.80409
V
354
N
355
353
375
333
D
0.69202
0.30798
V
355
N
354
334
D
0.53968
0.06182
0
V
362
N
363
341
D
0.72603
0.13692
0.00015
0.08887
1e-05
0
V
363
N
364
362
384
342
D
0.32012
0.00991
0
0
V
364
N
365
363
385
343
D
0.53135
0.19668
0
0
V
365
N
366
364
386
344
D
0.16339
0
0.57359
0.03032
V
366
N
367
365
387
345
D
0.65023
0.02367
0
0.28792
0
V
367
N
368
366
388
346
D
0.51162
0
0.01375
0
0.33589
V
368
N
369
367
389
347
D
0.39974
0.28557
0.2743
0.04039
V
369
N
370
368
390
348
D
0.65568
0
0
V
370
N
371
369
391
349
D
0.0083
0.01045
0.5663
0.0005
0.4068
0.00765
V
371
N
372
370
392
350
D
0.40963
0
0.22095
0.02457
V
372
N
373
371
393
351
D
0.9759
0
V
373
N
374
372
352
D
0.11172
0
0.27413
0.08341
0.03129
0.42352
V
374
N
375
373
395
353
D
0.38995
0
0
0.32559
V
375
N
374
354
D
0.98387
0
V
384
N
385
363
D
4e-05
0.01922
3e-05
0
0.97717
V
385
N
386
384
406
364
D
0.21345
0
0.23815
0
0.10316
V
386
N
387
385
407
365
D
0.31226
0
0
0.08947
0.15322
V
387
N
388
386
408
366
D
0.76516
0
V
388
N
389
387
409
367
D
0.00412
0
0.9176
0
V
389
N
390
388
410
368
D
0.38756
0.00736
0.0166
0.3412
0.00211
0.24517
V
390
N
391
389
411
369
D
0.01287
0
0.95449
V
391
N
392
390
412
370
D
0.68994
0
V
392
N
393
391
413
371
D
0.28355
0
V
393
N
392
414
372
D
0.0918
0
V
395
N
374
D
0.69851
0
0
V
406
N
407
385
D
0.38678
0.01325
0
0.02663
0
V
407
N
408
406
386
D
0.00623
0
0.93285
0.00255
0.05692
V
408
N
409
407
387
D
0.07383
0
0.8777
V
409
N
410
408
430
388
D
0.00821
0
V
410
N
411
409
431
389
D
0.90099
0.01861
0
0.0554
0.01778
V
411
N
412
410
432
390
D
0.05842
0
0
0.53754
0.02773
V
412
N
413
411
433
391
D
0.01403
0.18958
0.7614
0
V
413
N
414
412
392
D
0.94194
0
V
414
N
415
413
393
D
0.01088
0.23444
0
V
415
N
414
D
0.23539
0
0.49995
0.1221
0.08517
V
430
N
431
409
D
0.19717
0
0
0
V
431
N
432
430
410
D
0.10293
0
V
432
N
433
431
411
D
0.00483
0
0
0.85154
V
433
N
432
412
D
0.32813
0
0.45173
