i_30_1_14_FR_lak105d
14
lak105d
A
0
1
14
8
V
1
N
2
9
D
0.00293
0
0.95784
0.00072
0.03187
V
2
N
1
10
D
0.20719
0.43164
0
0
V
9
N
10
17
1
D
0.5853
0.17878
0
0.16184
V
10
N
11
9
2
D
0.30228
0.28967
0
V
11
N
12
10
19
D
0.06426
0.34271
0.05424
0
0.21478
0.1014
V
12
N
13
11
20
D
0.40112
0
0.36556
0.11033
V
13
N
14
12
21
D
0.89941
0
V
14
N
13
D
0.05033
0
0
0.44922
0.01367
V
17
N
25
9
D
0.49944
0
0.03759
0
V
19
N
20
27
11
D
0.069
0.12309
0
V
20
N
21
19
28
12
D
0.25831
0
V
21
N
20
13
D
0.28349
0.06256
0.48031
0.17364
V
23
N
31
D
0.51814
0
0
V
25
N
26
33
17
D
0.37924
0
0
0.0045
V
26
N
27
25
34
D
0.43417
0.02511
0
0.25375
0.06301
V
27
N
28
26
35
19
D
0.10793
0
5e-05
0
0.13582
V
28
N
27
36
20
D
0.78463
0.03936
0
0
V
31
N
39
23
D
0.94099
0
V
33
N
34
41
25
D
0.96169
0
0
V
34
N
35
33
42
26
D
0.42513
0
0.4048
V
35
N
36
34
43
27
D
0.95878
0
V
36
N
37
35
44
28
D
0.01604
0.21563
0.72105
0
0.02175
V
37
N
36
45
D
0.08262
0
V
39
N
31
D
0.37016
0
0.06262
0
V
41
N
42
33
D
0.08002
0
0
0.07948
V
42
N
43
41
34
D
0.1462
0.45004
0
0.29618
0
V
43
N
44
42
35
D
0.00122
0
0.78924
0.06667
0.12445
0.01466
V
44
N
45
43
36
D
0.08334
0.00845
0
0.25173
0.64194
V
45
N
46
44
37
D
0.04608
0
0
0.00305
0.11188
V
46
N
45
D
0.83257
0.16743
