i_30_1_16_FR_lak102d
16
lak102d
A
0
12
8
12
V
12
N
13
D
0.73567
0
V
13
N
12
D
6e-05
0
0.00646
0.01509
0.97834
1e-05
V
15
N
16
24
D
0.00018
0
0
0
V
16
N
15
25
D
0.26677
0
0.42047
0.03659
V
23
N
24
32
D
0.30028
0
0.50499
0.01268
V
24
N
25
23
33
15
D
0.05488
0.51498
0
V
25
N
24
34
16
D
0.51613
0
V
29
N
30
38
D
0.31444
0.38111
0
0
V
30
N
31
29
39
D
0.12064
0
V
31
N
32
30
40
D
0.04699
0
V
32
N
33
31
23
D
0.14351
0.74457
0
0.06872
V
33
N
34
32
24
D
0.21898
0.31476
0.00203
0
V
34
N
33
25
D
0.16756
0.42272
0
0
0.08075
V
36
N
45
D
0.03505
0.0221
0
0.06638
0.25924
V
38
N
39
47
29
D
0.65373
0.29456
0
0.00017
V
39
N
40
38
48
30
D
0.01929
0
0.011
0.88244
0
V
40
N
39
49
31
D
0.0011
0.00221
0.01266
0.00045
0.01441
0
V
45
N
54
36
D
0.69605
0
V
46
N
47
D
0.78412
0.04054
0
0.01467
V
47
N
48
46
56
38
D
0.54461
0.0043
0.17642
0.00022
0
V
48
N
49
47
57
39
D
0.97989
0
0.00226
0.00095
V
49
N
50
48
58
40
D
0.31632
0.32903
0.0391
0
0.15704
V
50
N
51
49
D
0.02444
0
0
V
51
N
52
50
D
0.13188
0
0.49045
0.33737
V
52
N
53
51
D
0.13547
0.13962
0.00217
0.56594
0
0.05234
V
53
N
54
52
D
0.00135
0.99689
0
0
V
54
N
53
45
D
0.00629
0.25869
0.08842
0
0.60319
V
56
N
57
47
D
0.01814
0
0.00153
0.00807
0
V
57
N
58
56
48
D
0.41457
0.00277
0.02149
0.2841
0
V
58
N
57
49
D
0.44281
0
0.04821
0
