i_32_1_18_FR_den201d
18
den201d
A
0
13
16
13
V
13
N
14
D
0.0027
0.00084
0.114
0.86364
0.01882
V
14
N
15
13
23
D
0.19422
0.32037
0.22255
0
V
15
N
14
24
D
0.95202
0
V
20
N
21
29
D
0.32369
0
0.03665
0.1206
V
21
N
20
30
D
0.27297
0
V
23
N
24
32
14
D
0.10584
0
0
V
24
N
23
33
15
D
0.10349
0.12929
0
0.66407
V
29
N
30
38
20
D
0.17139
0
0
0.40216
V
30
N
29
39
21
D
0.22131
0.1943
0
0.00293
0.45726
0.07938
V
32
N
33
41
23
D
0.33695
0
0
0.02411
V
33
N
32
42
24
D
0.0167
0.64448
0.08578
0.14816
0.10039
0
V
38
N
39
47
29
D
0.12224
0.63345
0
0.17577
V
39
N
40
38
48
30
D
0.395
0.32733
0
0
0.0635
V
40
N
41
39
49
D
0.46447
0
0.01815
0.03697
0
V
41
N
42
40
50
32
D
0.99566
0
V
42
N
43
41
51
33
D
0.19452
0.4613
0
0
0.19389
V
43
N
42
52
D
0.16736
0.0009
0.73236
0.07611
0.00011
0.01028
0.01288
V
47
N
48
38
D
0.02716
0.42259
0.06451
0.47164
0.0141
V
48
N
49
47
57
39
D
0.06706
0.38898
0.17332
0.0089
0
V
49
N
50
48
40
D
0.06077
0.06124
0.0145
0.86349
V
50
N
51
49
41
D
0.25413
0.04079
0
0.63776
V
51
N
52
50
60
42
D
0.70508
0
V
52
N
51
61
43
D
0.32543
0.03116
0.62146
0
V
57
N
48
D
0.30098
0.00076
0.66617
0.02026
0.00205
0.00978
V
60
N
61
69
51
D
0.93905
0
V
61
N
60
70
52
D
0.81626
0
V
63
N
72
D
0.29172
0
0.70011
0
V
69
N
70
60
D
0.02434
0
0
V
70
N
71
69
61
D
0.43697
0.44125
0
0
V
71
N
72
70
D
0.16631
0
0.53949
0
V
72
N
71
81
63
D
0.0004
0.26662
0.12173
0
V
81
N
72
D
0.01311
0.04406
0
0
