i_32_2_20_FR_den408d
20
den408d
A
0
18
14
10
A
1
18
19
16
V
18
N
26
D
0.00954
0
0.98445
0.00349
0
V
26
N
27
18
D
0.37037
0
0
V
27
N
26
35
D
0.93907
0
V
29
N
D
0.33163
0.11961
0.0036
0
V
35
N
36
43
27
D
0.54007
0.37663
0.07091
0
V
36
N
35
44
D
0.44868
0.11572
0
0.1159
0.05122
V
42
N
43
50
D
0.45522
0
V
43
N
44
42
51
35
D
0.73581
0.06051
0
V
44
N
43
52
36
D
0.93247
0.00954
0
V
50
N
51
42
D
0.8678
0
V
51
N
52
50
59
43
D
0.14537
0
0
0.09904
0.02609
V
52
N
51
60
44
D
0.11543
0
V
59
N
60
67
51
D
0.12463
0
0.02126
0.73115
0.0199
V
60
N
61
59
68
52
D
0.71563
0.15963
0.09947
0.02527
V
61
N
60
D
0.34959
0
0
0.25223
V
67
N
68
75
59
D
0.9755
0.0245
V
68
N
67
76
60
D
0.52073
0
0.01495
0.0052
0.42984
V
74
N
75
D
0.10149
0.68571
0
V
75
N
76
74
83
67
D
0.05805
0
V
76
N
77
75
84
68
D
0.1807
0.75369
0
0
V
77
N
78
76
85
D
0.06385
0
0.89932
0
0.00516
V
78
N
77
86
D
0.00101
0.00068
0.46693
0.00725
0
0.00554
V
83
N
84
91
75
D
0.10288
0.61442
0
V
84
N
85
83
92
76
D
0.02122
0.7864
0.07003
0
V
85
N
86
84
93
77
D
0.01998
0.08751
0.66332
0.00154
0.05829
0
V
86
N
85
94
78
D
0.9127
0
V
91
N
92
83
D
0.19438
0.30744
0
V
92
N
93
91
84
D
0.59102
0
0
0.38522
V
93
N
94
92
85
D
0.4126
0.38428
0
V
94
N
95
93
86
D
0.25415
0
0.20894
0.38817
0.10926
V
95
N
96
94
D
0.90941
0.0357
0
V
96
N
95
D
0.67063
0.06632
0
