i_36_2_20_FR_orz107d
20
orz107d
A
0
10
15
3
A
1
10
11
5
V
10
N
11
18
D
0.0387
0.00983
0.04141
0.5652
0
0.30403
V
11
N
12
10
19
D
0.71525
0
0
V
12
N
13
11
20
D
0.48217
0
0.25164
0.02394
V
13
N
12
21
D
0.04948
0
0.8719
0.00342
0.0624
V
18
N
19
10
D
0.50459
0
0.30822
V
19
N
20
18
27
11
D
0.09414
0.01641
0.04434
0.19211
0.59653
0.05647
V
20
N
21
19
28
12
D
0.03387
0
0.63903
0.24862
0.00244
V
21
N
20
29
13
D
0.04351
0
0.13539
0.00402
0.81634
V
23
N
31
D
0.24745
0
0.04481
0.12279
0.47775
0.03723
V
27
N
28
19
D
0.13653
0
V
28
N
29
27
36
20
D
0.05023
0
0.01341
0
V
29
N
30
28
37
21
D
0.25776
0
0.34415
0.1019
V
30
N
31
29
D
0.03463
0
0.76667
0
V
31
N
32
30
23
D
0.13696
0.63053
0
0.1919
V
32
N
31
D
0.04763
0.0022
0
0.83166
0.00795
0.10462
V
36
N
37
44
28
D
0.03758
0.02902
0.43767
0.02322
0
V
37
N
36
45
29
D
0.21523
0
0.13711
V
43
N
44
51
D
0.15435
0.64731
0
0
0.18311
V
44
N
45
43
52
36
D
0.00232
0
0.00687
0.98577
V
45
N
44
37
D
0.00322
0
0
V
51
N
52
59
43
D
0.07964
0.05041
0
0.55259
0.14824
V
52
N
51
60
44
D
0.04804
0
0
V
58
N
59
66
D
0.45436
0
0
0.18869
V
59
N
60
58
67
51
D
0.73333
0.26667
V
60
N
61
59
68
52
D
0.36837
0
0.09098
0.28186
V
61
N
60
69
D
0.09376
0
0.10199
0.03619
0.64664
0.02432
V
66
N
67
74
58
D
0.01254
0
0.46223
0
V
67
N
68
66
75
59
D
0.35362
0
V
68
N
69
67
76
60
D
0.62684
0.08186
0
0
V
69
N
68
77
61
D
0.20452
0.04771
0
V
74
N
75
66
D
0.20528
0.10295
0
0.08632
0.44102
V
75
N
76
74
83
67
D
0.77591
0.01655
0.16159
0
V
76
N
77
75
84
68
D
0.20191
0.29445
0
V
77
N
76
69
D
0.77925
0
0.03692
0
V
83
N
84
75
D
0.02054
0
0
V
84
N
83
76
D
0.10469
0
0
0.86311
