i_38_2_20_FR_den202d
20
den202d
A
0
18
15
6
A
1
18
14
11
V
18
N
D
0.00404
0
0.58449
0.01936
V
24
N
34
D
0.2449
0.02235
0.19803
0
0
V
30
N
40
D
0.08721
0
0.02863
0
V
34
N
35
24
D
0.12435
0
0
V
35
N
36
34
45
D
0.37986
0
0.27187
V
36
N
37
35
46
D
0.62813
0.05519
0
0.11682
V
37
N
38
36
47
D
0.05162
0
0.17942
0
V
38
N
39
37
48
D
0.01547
0.92563
0.02603
0
V
39
N
40
38
49
D
0.22748
0.02002
0
0.14807
0.43608
V
40
N
39
50
30
D
0.77548
0
V
45
N
46
55
35
D
0.27215
0
0
0
V
46
N
47
45
56
36
D
0.12179
0
V
47
N
48
46
57
37
D
0.12233
0.02542
0
0.56997
0.18424
V
48
N
49
47
58
38
D
0.23333
0
0.03474
0.68601
V
49
N
50
48
59
39
D
0.03639
0
0.67579
V
50
N
49
40
D
0.08224
0
0.002
0.901
V
54
N
55
64
D
0.3788
0
0.35786
0.09258
V
55
N
56
54
65
45
D
0.87791
0.12209
V
56
N
57
55
66
46
D
0.14168
0
0.60779
0
0.07168
V
57
N
58
56
67
47
D
0.15086
0.67647
0
V
58
N
59
57
68
48
D
0.80956
0.12207
0.05786
0.01051
V
59
N
58
69
49
D
0.74209
0
V
64
N
65
74
54
D
0.24711
0
V
65
N
66
64
75
55
D
0.52247
0.0149
0
V
66
N
67
65
76
56
D
0.06677
0
0.07693
0.09169
V
67
N
68
66
77
57
D
0.38669
0
0.18686
0
V
68
N
69
67
78
58
D
0.5565
0
V
69
N
68
79
59
D
0.14259
0
0
0.03749
V
73
N
74
83
D
0.01973
0.0696
0.26916
0.04634
0.59517
V
74
N
75
73
64
D
0.02071
0
0.40553
0
V
75
N
76
74
85
65
D
0.45026
0.15355
0.12202
0.27337
0
V
76
N
77
75
66
D
0.33406
0.04705
0.17103
0
V
77
N
78
76
67
D
0.25875
0.06291
0.23611
0
0.24423
V
78
N
79
77
88
68
D
0.62595
0
V
79
N
78
69
D
0.29653
0
0.04833
0.15418
V
83
N
73
D
0.13269
0
0.38431
0.275
V
85
N
75
D
0.34477
0.02969
0.06623
0.00025
0.11795
0.44106
5e-05
V
88
N
78
D
0.06199
0.57512
0
0
0.13907
