i_45_3_27_FR_orz105d
27
orz105d
A
0
30
19
6
A
1
30
23
8
A
2
30
27
25
V
30
N
31
D
0.64546
0
V
31
N
30
43
D
0.00427
0
0.01119
0.00114
0.9802
V
41
N
D
0.58458
0.25091
0
0
V
43
N
55
31
D
0.30947
0
V
54
N
55
D
0.41768
0
0.4405
0
V
55
N
56
54
67
43
D
0.00954
0.1208
0.33388
0
0.22098
V
56
N
55
68
D
0.05608
0.30337
0
0.59676
0.0336
V
67
N
68
79
55
D
0.69002
0.00239
0.08219
0
0
V
68
N
67
80
56
D
0.26846
0
V
79
N
80
91
67
D
0.66475
0
V
80
N
79
92
68
D
0.01818
0.24652
0.72287
0
V
90
N
91
102
D
0.16918
0
V
91
N
92
90
103
79
D
0.00091
0.23189
0.26358
0
V
92
N
91
104
80
D
0.46169
0
0
V
101
N
102
113
D
0.06649
0
0.33637
0
V
102
N
103
101
114
90
D
0.14189
0.26126
0.43201
0.00106
0.00741
0
V
103
N
104
102
115
91
D
0.02499
0.01316
0
0.85724
V
104
N
105
103
116
92
D
0.2746
0
0
0.25112
0.28036
V
105
N
104
117
D
0.41739
0
V
112
N
113
D
0.00356
0
0.43436
0
V
113
N
114
112
125
101
D
0.75073
0.11385
0.00045
0.1067
0
V
114
N
115
113
126
102
D
0.12107
0
V
115
N
116
114
127
103
D
0.28791
0
0
V
116
N
117
115
128
104
D
0.00141
0.02858
0.0079
0.0163
0
V
117
N
116
129
105
D
0.3408
0
0
V
123
N
D
0.44158
0.21201
0
V
125
N
126
137
113
D
0.95868
0
V
126
N
127
125
138
114
D
0.38409
0.17877
0
0.08758
0
V
127
N
128
126
139
115
D
0.33566
0
0
V
128
N
129
127
140
116
D
0.61618
0
V
129
N
128
117
D
0.06322
0
0.47181
0.22549
0.00975
V
137
N
138
125
D
0.0535
0
0.03138
0.07835
0.55752
V
138
N
139
137
150
126
D
0.13496
0.20028
0.03083
0.14401
0.02304
0
V
139
N
140
138
151
127
D
0.9549
0
V
140
N
139
152
128
D
0.51186
0.03386
0.11341
0
0
V
150
N
151
162
138
D
0.01467
0.26666
0
V
151
N
152
150
163
139
D
0.00421
0.00033
0.0055
0
0
V
152
N
151
164
140
D
0.82551
0
V
162
N
163
174
150
D
0.62864
0
V
163
N
164
162
175
151
D
0.6793
0.00967
0.00012
0.17643
0.13448
V
164
N
163
176
152
D
0.36584
0
0.63277
V
173
N
174
D
0.01011
0.04604
0.08303
0.19292
0.00941
0.65849
V
174
N
175
173
162
D
0.00443
0.01173
0.00823
0.01178
0.00901
0.01715
0.93767
V
175
N
176
174
163
D
0.10022
0.07522
0.00657
0
0
V
176
N
175
164
D
0.68958
0
0.14756
0.02735
