i_46_2_22_FR_orz102d
22
orz102d
A
0
15
14
13
A
1
15
15
8
V
15
N
26
D
0.02798
0.89743
0
0
0.00449
V
25
N
26
D
0.0523
0.00722
0.65429
0.00635
0
0.16132
V
26
N
25
15
D
0.42249
0.06657
0
0.11222
0
V
38
N
49
D
0.13494
0.57577
0
V
46
N
47
D
0.00858
8e-05
0.40796
0.11623
0.27278
0
V
47
N
48
46
58
D
0.25085
0.07259
0
0.5191
V
48
N
49
47
59
D
0.16388
0.46615
0
0
V
49
N
48
60
38
D
0.0319
0.9681
V
52
N
53
63
D
0.77794
0.06076
0
0.00441
V
53
N
52
64
D
0.37758
0
V
58
N
59
69
47
D
0.56311
0.23389
0
V
59
N
60
58
70
48
D
0.72221
0
0
0.10395
V
60
N
61
59
71
49
D
0.15493
0.12362
0
0.28128
0.09341
V
61
N
62
60
72
D
0.08005
0.31967
0.08158
0
0.50093
V
62
N
63
61
73
D
0.70191
0.02575
0.1889
0.06589
0
V
63
N
64
62
52
D
0.0011
0.00059
0.90136
0.00398
0
0.07806
V
64
N
65
63
53
D
0.62326
0
0.19728
V
65
N
66
64
76
D
0.10657
0
V
66
N
65
77
D
0.01152
0.78898
0
0.08405
0.01725
V
69
N
70
80
58
D
0.06766
0.1748
0.52165
0
0.14509
V
70
N
71
69
81
59
D
0.18034
0.42095
0.18783
0.15534
0
0.00203
V
71
N
72
70
82
60
D
0.46449
0.53551
V
72
N
73
71
83
61
D
0.18349
0
0.3082
0.04195
V
73
N
72
84
62
D
0.74655
0.25345
V
76
N
77
87
65
D
0.6666
0
V
77
N
76
88
66
D
0.36641
0.00276
0
0.01124
0.40075
V
79
N
80
D
0.19437
0.0415
0
0.19069
0
V
80
N
81
79
91
69
D
0.0007
0.9676
0.0317
V
81
N
82
80
92
70
D
0.10292
0.12935
0.54402
0.00126
0
V
82
N
83
81
71
D
0.14359
0
0.16376
V
83
N
84
82
72
D
0.85201
0
0
V
84
N
85
83
73
D
0.70471
0.06989
0
0
V
85
N
86
84
D
0.73905
0.02817
0
0.09028
0.00158
V
86
N
87
85
D
0.15946
0.12793
0
0
V
87
N
88
86
76
D
0.2465
0
0.59016
0
V
88
N
87
77
D
0.44305
0
V
91
N
92
102
80
D
0.02135
0.00906
0.00015
0
0.01923
V
92
N
91
103
81
D
0.38361
0.61639
V
101
N
102
112
D
0.00294
0.98985
4e-05
0
0.00102
V
102
N
103
101
113
91
D
0.41827
0.166
0.0722
0
0.28195
V
103
N
104
102
114
92
D
0.06587
0.57095
0
V
104
N
103
115
D
0.24013
0.48398
0.08228
0
V
112
N
113
101
D
0.61404
0
0.08664
0
V
113
N
114
112
102
D
0.01913
0
0.19586
0
0.3692
V
114
N
115
113
103
D
0.10136
0
0
V
115
N
114
104
D
0.25026
0.56999
0.00271
0.01918
0
0.11654
