i_49_2_21_FR_den207d
21
den207d
A
0
12
15
15
A
1
12
19
20
V
12
N
21
D
0.20318
0
0
0.27062
V
14
N
15
23
D
0.35548
0.11683
0.52769
V
15
N
16
14
24
D
0.17267
0
0.78622
0
0.00221
V
16
N
15
25
D
0.11219
0.03705
0
0.20385
V
21
N
22
30
12
D
0.07831
0.35705
0.03533
0
V
22
N
23
21
31
D
0.04051
0
0.4901
0
V
23
N
24
22
32
14
D
0.00352
0
0.01186
0.19944
V
24
N
25
23
33
15
D
0.35175
0.56617
0.02718
0
0.03227
V
25
N
24
34
16
D
0.30328
0.69672
V
30
N
31
21
D
0.12507
0.85198
0
0
V
31
N
32
30
22
D
0.26498
0.01911
0.13072
0.58519
V
32
N
33
31
41
23
D
0.00122
0.04103
0.06674
0.06491
0.64236
0
V
33
N
34
32
42
24
D
0.06445
0
0.36054
0.0087
0.46893
0.09569
V
34
N
33
43
25
D
0.05157
0.73222
0
0
V
41
N
42
50
32
D
0.33275
0.27083
0
V
42
N
43
41
51
33
D
0.22201
0
0
V
43
N
44
42
52
34
D
0.0287
0.22268
0
0.09369
0.47534
V
44
N
45
43
D
0.24133
0
0.05424
0.60311
V
45
N
44
D
0.38112
0.285
0.09869
0.07232
0
V
48
N
49
D
0.42414
0.02197
0.47913
0
V
49
N
50
48
D
0.66673
0
0
0.10291
V
50
N
51
49
41
D
0.30066
0.69934
V
51
N
52
50
60
42
D
0.45102
0
0
0
V
52
N
51
43
D
0.1932
0
V
60
N
69
51
D
0.41881
0.21728
0.21393
0.13771
0
V
69
N
70
78
60
D
0.15891
0.52571
0
0
V
70
N
69
79
D
0.16059
0.04072
0.79829
0
V
78
N
79
87
69
D
0.16728
0.01426
0
V
79
N
80
78
88
70
D
0.52341
0
0.3679
V
80
N
81
79
89
D
0.34509
0.26736
0.38755
V
81
N
80
90
D
0.98493
0
V
87
N
88
96
78
D
0.24876
0.06803
0
0
V
88
N
89
87
97
79
D
0.12239
0.07537
0.44835
0.18108
0.10958
0
V
89
N
90
88
98
80
D
0.2023
0.6882
0.00984
0.04311
0
V
90
N
89
99
81
D
0.46558
0.16588
0.15884
0
0
V
91
N
92
D
0.08833
0
0.00189
0.07506
0
V
92
N
93
91
101
D
0.25342
0.15392
0
0.04097
0.32363
0.19603
V
93
N
94
92
102
D
0.38356
0.03367
0.00135
0
0.54144
0.03269
V
94
N
95
93
103
D
0.91896
0
0
V
95
N
96
94
104
D
0.48288
0.43287
0
V
96
N
97
95
105
87
D
0.27944
0
V
97
N
98
96
88
D
0.39791
0
V
98
N
99
97
89
D
0.34575
0.44884
0.20541
V
99
N
98
90
D
0.00987
0.09878
0
0.00305
0.02108
V
101
N
102
92
D
0.11842
0.4121
0.29876
0.12602
0
V
102
N
103
101
93
D
0.65128
0.04752
0
0.06727
0.00549
0.10987
V
103
N
104
102
94
D
0.4685
0
V
104
N
105
103
95
D
0.20451
0
0
V
105
N
104
96
D
0.07782
0.1482
0.36386
0
0.36302
