i_49_2_23_FR_orz201d
23
orz201d
A
0
15
20
22
A
1
15
16
20
V
15
N
27
D
0.04909
0.00748
0.00574
0
V
17
N
18
29
D
0.14053
0.12516
0.24792
0
0.4686
V
18
N
17
30
D
0.73758
0
V
21
N
33
D
0.10748
0.26309
0.03306
0
0
V
26
N
27
38
D
0.16541
0
0
V
27
N
28
26
39
15
D
0.01205
0
0.0408
0.73976
0.02302
V
28
N
29
27
D
0.48927
0
V
29
N
30
28
41
17
D
0.02272
0.485
0.20281
0.24654
0
V
30
N
29
42
18
D
0.02614
0.32846
0.3583
0
0.13832
V
33
N
34
45
21
D
0.09114
0.25919
0
0.62246
V
34
N
33
46
D
0.0925
0.59331
0.03612
0.00093
0.13271
0
V
38
N
39
26
D
0.00079
0
0.16058
0.33088
0.5011
V
39
N
38
27
D
0.1603
0
0
V
41
N
42
53
29
D
0.99463
0.00537
V
42
N
43
41
54
30
D
0.53737
0
V
43
N
44
42
55
D
0.3809
0
V
44
N
45
43
56
D
0.02238
0.25521
0
0.03532
V
45
N
46
44
57
33
D
0.98138
0
V
46
N
45
34
D
0.42615
0.20705
0.2185
0
0.02895
V
52
N
53
D
0.02011
9e-05
0.00161
0.95506
0.02292
0.00018
3e-05
V
53
N
54
52
41
D
0.6746
0
V
54
N
55
53
42
D
0.17219
0
0.02768
0
V
55
N
56
54
67
43
D
0.70624
0
V
56
N
57
55
44
D
0.05847
0.40418
0
0.01284
0
V
57
N
56
45
D
0.70662
0.21052
0
V
67
N
79
55
D
0.21925
0.39263
0
0
0.34012
V
78
N
79
90
D
0.0101
0
0
0.97654
0.00579
V
79
N
80
78
91
67
D
0.93085
0
0
V
80
N
79
92
D
0.49406
0
V
90
N
91
102
78
D
0.04379
0.40387
0.36479
0.0288
0.1348
0
V
91
N
92
90
103
79
D
0.87412
0
V
92
N
91
104
80
D
0.13947
0.06577
0.22076
0.06738
0.14649
0.36013
V
94
N
106
D
0.21666
0
0
0.02095
V
101
N
102
D
0.55944
0.06223
0
0.01841
0.15268
V
102
N
103
101
114
90
D
8e-05
0
0.00497
0
V
103
N
104
102
115
91
D
0.04332
0
V
104
N
103
116
92
D
0.25819
0.4596
0.14322
0.03334
0.09873
0.00692
V
106
N
118
94
D
0.54487
0
0
V
114
N
115
126
102
D
0.02698
0.03487
0.51452
0.42363
V
115
N
116
114
127
103
D
0.01207
0
0
V
116
N
117
115
128
104
D
0.00961
0
0.00064
0
0.5639
V
117
N
118
116
129
D
0.09513
0.89128
0
V
118
N
117
130
106
D
0.00012
2e-05
4e-05
0.85352
0.00172
0.00535
0.13923
V
125
N
126
D
0.18426
0
0.08599
0.11797
0.16253
V
126
N
127
125
114
D
0.21255
0
0
0.27094
V
127
N
128
126
115
D
0.55391
0.40239
0
0.00895
0.00849
V
128
N
129
127
116
D
0.72485
0
V
129
N
130
128
117
D
0.3408
0
0.63049
V
130
N
129
118
D
0.05499
0
0
0.11233
0.02392
