i_50_2_24_FR_hrt002d
24
hrt002d
A
0
16
20
11
A
1
16
13
22
V
16
N
17
28
D
0.85594
0
0
V
17
N
18
16
29
D
0.50733
0
0
V
18
N
19
17
D
0.014
0
0.28662
0.02558
0.59242
V
19
N
20
18
D
0.13828
0.06917
0.00797
0
0.76219
V
20
N
19
D
0.83308
0.16692
V
28
N
29
40
16
D
0.70888
0.27219
0.01893
V
29
N
28
41
17
D
0.25607
0
0.63908
V
40
N
41
52
28
D
0.91545
0
V
41
N
42
40
29
D
0.11082
0
0
V
42
N
41
D
0.0815
0
0
0.15633
V
52
N
64
40
D
0.4744
0
0.25393
0.07799
V
64
N
76
52
D
0.29581
0
0
V
66
N
67
78
D
0.21004
0.04182
0
0.01525
V
67
N
68
66
79
D
0.42719
0
V
68
N
67
80
D
0.5888
0
V
74
N
75
86
D
0.19294
0.11599
0
0
V
75
N
76
74
87
D
0.11941
0
0
0
V
76
N
77
75
88
64
D
0.04462
0.59914
0
0.10312
0.12271
V
77
N
78
76
89
D
0.7653
0.00535
0
V
78
N
79
77
90
66
D
0.40208
0.30147
0
0.07962
V
79
N
80
78
67
D
0.39953
0.19093
0.03645
0.08758
0.04478
0
V
80
N
79
92
68
D
0.12225
0
V
85
N
86
D
0.2554
0.02187
0.54628
0.17645
V
86
N
87
85
98
74
D
0.60479
0
0
V
87
N
88
86
99
75
D
0.92012
0
0.07326
V
88
N
89
87
100
76
D
0.30521
0
0
V
89
N
90
88
101
77
D
0.76851
0
V
90
N
89
102
78
D
0.03121
0.07572
0
0.09962
0
V
92
N
104
80
D
0.78594
0
0.01621
0.11303
V
94
N
106
D
0.00156
0.18721
0
0.00447
0.79334
V
98
N
99
86
D
0.35015
0
0
V
99
N
100
98
87
D
0.70809
0
0
V
100
N
101
99
112
88
D
0.0031
0.97708
0.00288
7e-05
0.00023
0.01638
0.00026
V
101
N
102
100
89
D
0.21855
0
0.01887
0.14596
0.08074
V
102
N
103
101
114
90
D
0.02365
0.02203
0
0
0.0772
V
103
N
104
102
115
D
0.23997
0.25865
0.06675
0
0
V
104
N
103
116
92
D
0.13183
0.25412
0
0
0.09622
V
106
N
118
94
D
0.00872
0.03673
0.06208
0
0.02362
0.85532
V
112
N
124
100
D
0.10863
0.46073
0
0
V
114
N
115
126
102
D
0.04647
0
0
0.08658
V
115
N
116
114
127
103
D
0.04645
0.01878
0
V
116
N
115
104
D
0.19725
0.5314
0
V
118
N
130
106
D
0.03031
0.11974
0.00353
0.00675
0
0.82542
V
124
N
125
112
D
0.52131
0.06946
0
0
V
125
N
126
124
D
0.36869
0
V
126
N
127
125
138
114
D
0.11372
0
0.74605
0.11049
V
127
N
126
115
D
0.02711
0
0
V
130
N
142
118
D
0.21007
0.12219
0
0
V
138
N
126
D
0.21819
0.616
0.02872
0
0.05777
V
142
N
130
D
0.43486
0.0172
0
