i_54_2_20_FR_lak104d
20
lak104d
A
0
12
16
3
A
1
12
19
4
V
12
N
13
22
D
0.00052
0.00013
0.70004
0.03736
0.26132
0
V
13
N
14
12
23
D
0.07942
0
0.11617
0.01632
0.67807
V
14
N
15
13
24
D
0.06067
0
V
15
N
16
14
25
D
0.41084
0
0
V
16
N
15
26
D
0.10972
0.13653
0
V
22
N
23
32
12
D
0.69244
0
0.17825
V
23
N
24
22
33
13
D
0.60717
0
0
V
24
N
25
23
14
D
0.19037
0.00215
0
0.07101
0
V
25
N
26
24
35
15
D
0.18125
0
0.03687
0.07778
0.15977
V
26
N
25
36
16
D
0.64051
0.00622
0.00885
0
0.18536
V
32
N
33
42
22
D
0.29352
0
0.06577
0.63121
V
33
N
32
43
23
D
0.02253
0
0.02935
V
35
N
36
45
25
D
0.5714
0.08265
0.08461
0
0.26006
V
36
N
37
35
46
26
D
0.9651
0.0349
V
37
N
36
D
0.93601
0
V
42
N
43
52
32
D
0.49679
0.12904
0.01954
0.07751
0.27712
V
43
N
44
42
53
33
D
0.18767
0
V
44
N
45
43
54
D
0.07314
0
0
V
45
N
46
44
55
35
D
0.04929
0
0.00249
0
0.13151
V
46
N
45
56
36
D
0.58163
0.12533
0.1238
0.16924
V
52
N
53
42
D
0.38369
0.03841
0.19306
0.27679
0
V
53
N
54
52
43
D
0.18106
0.12453
0.0573
0
0.57369
V
54
N
55
53
64
44
D
0.43883
0
0
V
55
N
56
54
45
D
0.37302
0
0.35329
V
56
N
57
55
46
D
0.91996
0
V
57
N
58
56
D
0.30611
0
0
0.41555
V
58
N
59
57
68
D
0.12026
0
0.08362
V
59
N
60
58
69
D
0.79667
0.10766
0.09567
V
60
N
59
D
0.00784
0.04074
0.32719
0
0
V
64
N
74
54
D
0.91996
0
V
68
N
69
78
58
D
0.1145
0.8855
V
69
N
68
79
59
D
0.02131
0
0
0.93216
V
73
N
74
83
D
0.08992
0.03573
0
0.49537
0
V
74
N
75
73
84
64
D
0.01108
0.25295
0
0.65881
V
75
N
76
74
85
D
0.26858
0.34121
0.31321
0
0.00897
V
76
N
75
86
D
0.79745
0.20255
V
78
N
79
88
68
D
0.06385
0.25539
0.09911
0.24928
0
V
79
N
78
89
69
D
0.56203
0.08119
0.00331
0
0.01148
V
82
N
83
D
0.50188
0.48284
0.01528
V
83
N
84
82
93
73
D
0.05683
0.04019
0
0
V
84
N
85
83
94
74
D
0.56802
0.04093
0.35501
0.00265
0.03339
V
85
N
86
84
95
75
D
0.32821
0
0
0.01048
0.22553
V
86
N
85
96
76
D
0.50151
0.09872
0.11456
0
0
V
88
N
89
98
78
D
0.93306
0
V
89
N
90
88
99
79
D
0.94075
0
0.05757
V
90
N
89
100
D
0.42047
0
0.47119
V
93
N
94
83
D
0.04278
0
0.6096
0.03646
0.11422
V
94
N
95
93
84
D
0.26463
0.06281
0.29698
0.18873
0.01015
0.1767
V
95
N
96
94
85
D
0.39552
0
0
V
96
N
97
95
86
D
0.21362
0
V
97
N
98
96
D
0.45042
0.1948
0
0.02696
0.03999
V
98
N
99
97
88
D
0.43642
0
0.02743
0.12032
0.39498
V
99
N
100
98
89
D
0.00139
0.03805
0
0
V
100
N
99
90
D
0.77307
0.04595
0.11886
0
0.04327
