i_54_6_63_FR_lak526d
63
lak526d
A
0
150
54
48
A
1
150
36
8
A
2
150
48
10
A
3
150
56
51
A
4
150
47
58
A
5
150
45
24
V
150
N
151
182
D
0.80473
0
0
V
151
N
150
D
0.01778
0.00256
0.89127
0
V
182
N
214
150
D
0.90607
0
V
214
N
215
246
182
D
0.04017
0.30986
0.03551
0
0
V
215
N
214
247
D
0.00355
0.58848
0.04614
0.06065
0.1401
0.16108
V
246
N
247
278
214
D
0.18266
0
0
V
247
N
246
279
215
D
0.076
0
V
278
N
279
246
D
0.30083
0.0062
0
0
V
279
N
278
311
247
D
0.19088
0.28794
0
0
V
311
N
312
279
D
0.06331
0
0.71379
0.09309
0
V
312
N
311
344
D
0.24243
0.46023
0
0
V
344
N
376
312
D
0.06007
0
0.36216
0.04502
0
V
375
N
376
407
D
0.26625
0.02245
0.00907
0
0.58542
V
376
N
375
408
344
D
0.34814
0.00321
0.18546
0
0.09474
0.36043
V
406
N
407
D
0.38154
0
V
407
N
408
406
439
375
D
0.6721
0.30476
0.01091
0
0.0072
V
408
N
407
440
376
D
0.0187
0.66041
0
0
V
439
N
440
407
D
0.28059
0.35371
0
V
440
N
439
472
408
D
0.43099
0.01318
0.2051
0.13015
0
0.00554
V
466
N
467
498
D
0.29542
0
0
V
467
N
468
466
499
D
0.01087
0.05568
0.02214
0.90491
0
0.00311
V
468
N
467
500
D
0.34005
0
0
V
472
N
473
504
440
D
0.65674
0
V
473
N
472
D
0.18313
0
0.41726
0.28687
0
V
498
N
499
466
D
0.00725
0.04236
0.00062
0.93246
0.01731
V
499
N
500
498
467
D
0.27602
0
0.04946
0
V
500
N
499
532
468
D
0.10902
0.78226
0
0.0029
0.08704
V
504
N
536
472
D
0.97457
0
V
532
N
564
500
D
0.62332
0.00108
0.3756
V
536
N
568
504
D
0.03168
0.23473
0.00567
0
0.0915
V
564
N
565
596
532
D
0.75717
0
V
565
N
566
564
597
D
0.03028
0.15432
0.7457
0
V
566
N
567
565
D
0.16709
0
0.07453
0.20041
V
567
N
568
566
D
0.00208
0
0
V
568
N
569
567
600
536
D
0.33827
0.00655
0
0.03413
0
V
569
N
568
601
D
0.1843
0.00058
0
0.08224
0.44902
V
596
N
597
628
564
D
0.00602
0.00623
0.81943
0.01241
0.15403
0.00188
V
597
N
596
565
D
0.73503
0.10683
0
0.11388
0.0419
V
600
N
601
632
568
D
0.49507
0
0.49189
V
601
N
602
600
633
569
D
0.14494
0
0
0.18239
V
602
N
601
634
D
0.10004
0.00589
0
0.09437
0.78314
V
628
N
660
596
D
0.01282
0.39657
0
0
V
632
N
633
600
D
0.12675
0
0
8e-05
0.61659
V
633
N
634
632
601
D
0.20197
0
0
0
V
634
N
635
633
602
D
0.69971
0
0.01717
0.17792
V
635
N
636
634
D
0.08446
0.28668
0
V
636
N
635
668
D
0.26926
0.24211
0
V
660
N
661
628
D
0.00228
0.00078
0
0.00558
V
661
N
660
693
D
0.03654
0
0.01694
0.00831
0
V
663
N
695
D
0.61434
0
0.15541
0.20543
0
V
668
N
669
636
D
0.00687
0
0.9914
V
669
N
668
D
0.28569
0
0
0.02704
V
693
N
661
D
0.36899
0
0.57867
V
695
N
663
D
0.30589
0
0.49118
0
