i_55_2_22_FR_den407d
22
den407d
A
0
14
14
11
A
1
14
14
14
V
14
N
22
D
0.23458
0
V
21
N
22
29
D
0.97401
0
V
22
N
23
21
30
14
D
0.01828
0
0
0.27894
V
23
N
24
22
31
D
0.34287
0
V
24
N
23
D
0.90706
0.00212
0.04696
0
0
V
29
N
30
37
21
D
0.00149
0.99223
0.00613
0
0
V
30
N
31
29
38
22
D
0.21609
0.29526
0.35758
0
V
31
N
30
39
23
D
0.41581
0
0.06314
0.30218
0
V
37
N
38
29
D
0.61554
0.02204
0
V
38
N
39
37
46
30
D
0.35023
0
0.33079
V
39
N
40
38
47
31
D
0.28157
0
V
40
N
39
48
D
0.33487
0
V
46
N
47
54
38
D
0.02388
0.30763
0
0.08364
0.01175
0.5232
V
47
N
48
46
55
39
D
0.01349
0.68959
0.21075
0.07355
0.00132
0.00451
0.00679
V
48
N
47
56
40
D
0.21786
0.36915
0
0.10857
0.04898
V
54
N
55
62
46
D
0.21084
0
0.04689
0.35504
0.06338
V
55
N
56
54
63
47
D
0.11913
0.05282
0
0
V
56
N
55
64
48
D
0.10751
0.89249
V
58
N
59
D
0.79655
0
0.01628
0
V
59
N
60
58
67
D
0.83178
0.16822
V
60
N
61
59
68
D
0.34116
0
0.44655
V
61
N
62
60
69
D
0.03724
0
0.20035
0.45993
V
62
N
63
61
70
54
D
0.43443
0
V
63
N
64
62
55
D
0.00433
0.06377
0.00637
0.10296
0.19689
0.62568
V
64
N
63
56
D
0.81953
0
V
67
N
68
75
59
D
0.02799
0.01688
0.36531
0.56201
0
V
68
N
69
67
76
60
D
0.09415
0.19146
0.65284
0.06155
V
69
N
70
68
77
61
D
0.23111
0.3265
0.00786
0.41846
0
V
70
N
69
78
62
D
0.09208
0
V
75
N
76
83
67
D
0.02571
0.40387
0.21283
0
V
76
N
77
75
68
D
0.91476
0.01204
0.04652
0
V
77
N
78
76
69
D
0.80416
0
0
V
78
N
79
77
86
70
D
0.01357
0
0
V
79
N
80
78
87
D
0.54884
0
0.16362
V
80
N
79
88
D
0.1903
0
0
V
83
N
91
75
D
0.38336
0.00851
0
0
V
86
N
87
94
78
D
0.10931
0.86999
0
V
87
N
88
86
95
79
D
0.60114
0.01558
0.04396
0
0.00729
0.00307
V
88
N
87
96
80
D
0.10998
0
0
V
90
N
91
98
D
0.22026
0
0.02732
V
91
N
92
90
99
83
D
0.00362
0
0
0.93956
0.04901
V
92
N
93
91
100
D
0.0262
0
0
0.80626
V
93
N
94
92
101
D
0.57958
0
0.39081
0
V
94
N
95
93
102
86
D
0.37708
0.22323
0
0.39549
V
95
N
96
94
103
87
D
0.66735
0.06916
0
0
V
96
N
95
88
D
0.21684
0.07143
0.00215
0.00876
0
V
98
N
99
90
D
0.80035
0
V
99
N
100
98
91
D
0.37816
0.12262
0
V
100
N
101
99
92
D
0.12952
0
0.58681
V
101
N
102
100
109
93
D
0.44175
0.08398
0.0811
0.06773
0
V
102
N
103
101
110
94
D
0.89431
0
V
103
N
102
111
95
D
0.17807
0
0
V
109
N
110
101
D
0.00037
0.03148
0
0
0.90563
V
110
N
111
109
102
D
0.92404
0
V
111
N
110
103
D
0.92452
0
