i_60_1_20_FR_den009d
20
den009d
A
0
14
17
7
V
14
N
15
26
D
0.37443
0.01266
0
0.03806
0.01291
0.39318
V
15
N
16
14
27
D
0.16897
0
V
16
N
17
15
28
D
0.06362
0
0
V
17
N
18
16
29
D
0.97942
0
V
18
N
17
30
D
0.11122
0.10819
0
0
V
21
N
22
D
0.38402
0
V
22
N
23
21
34
D
0.43859
0.13535
0.00253
0.02682
0
V
23
N
24
22
35
D
0.45605
0
0.50769
V
24
N
23
36
D
0.21574
0.0001
0
0
6e-05
V
26
N
27
38
14
D
0.00322
0.05639
0
0.02757
0.90484
V
27
N
28
26
39
15
D
0.0701
0.06722
0
V
28
N
29
27
40
16
D
0.20258
0.31798
0.45675
0.02269
V
29
N
30
28
41
17
D
0.26225
0
0
V
30
N
29
42
18
D
0.49618
0
0
V
34
N
35
46
22
D
0.11085
0.01547
0
0.17478
V
35
N
36
34
47
23
D
0.00431
0.94585
0
0.00088
0
V
36
N
35
48
24
D
0.20617
0
0.68396
V
38
N
39
50
26
D
0.04787
0
0.24476
0
V
39
N
40
38
51
27
D
0.75589
0
0
V
40
N
41
39
52
28
D
0.0875
0
0.46409
0
V
41
N
42
40
53
29
D
0.00909
0.0029
0.78315
0.19136
0
V
42
N
43
41
54
30
D
0.03885
0
0.89022
V
43
N
42
D
0.06192
0
0
0.02229
V
46
N
47
34
D
0.30566
0
0
0.10639
V
47
N
48
46
59
35
D
0.81713
0.18287
V
48
N
47
60
36
D
0.22144
0
0.02531
0
V
50
N
51
62
38
D
0.44762
0
0
V
51
N
52
50
63
39
D
0.04342
0.27789
0
0.07115
0.50347
V
52
N
53
51
64
40
D
0.01726
0
0.02783
0.06154
0.88671
V
53
N
54
52
65
41
D
0.52554
0.47446
V
54
N
53
66
42
D
0.03681
0
0
0.3167
0.08996
V
59
N
60
71
47
D
0.12828
0.29285
0.09844
0
0.02115
V
60
N
59
72
48
D
0.39908
0
0.30091
V
62
N
63
74
50
D
0.01316
0
0
V
63
N
64
62
75
51
D
0.15613
0
0.10832
0.12576
0.45359
0.02588
V
64
N
65
63
76
52
D
0.13854
0.00505
0.00516
0
0.00028
0.31894
V
65
N
66
64
77
53
D
0.04151
0.13078
0.14737
0
V
66
N
65
78
54
D
0.49194
0.01604
0
0.09082
0.34863
V
70
N
71
82
D
0.00055
0
0.00741
0.04178
V
71
N
72
70
83
59
D
0.5391
0
V
72
N
71
84
60
D
0.00562
0.04244
0.0155
0.76527
0.09061
0.00372
0.07684
V
74
N
75
86
62
D
0.00714
0.49708
0.05555
0.01406
0
V
75
N
76
74
87
63
D
0.75617
0
0.18717
V
76
N
77
75
88
64
D
0.00344
0.00611
0
V
77
N
78
76
89
65
D
0.27839
0
V
78
N
77
90
66
D
0.68134
0
V
82
N
83
94
70
D
0.00173
0
0.00747
0.80174
0.00582
0.16099
V
83
N
84
82
95
71
D
0.01831
0
0.13164
0.36539
0.42842
V
84
N
83
96
72
D
0.2394
0.05125
0
V
86
N
87
74
D
0.08763
0.33939
0.04595
0.05053
0.25233
0
V
87
N
88
86
75
D
0.07403
0
0
0.81201
V
88
N
89
87
76
D
0.00066
0.67007
0
V
89
N
90
88
77
D
0.14483
0
0.0012
0.09583
0
V
90
N
91
89
78
D
0.00673
0
0
V
91
N
92
90
D
0.68426
0
0
V
92
N
93
91
D
0.28595
0.0337
0.58905
0
V
93
N
94
92
D
0.18671
0.19653
0
0.28531
0.01796
V
94
N
95
93
82
D
0.10605
0
0.42691
V
95
N
96
94
83
D
0.40793
0
V
96
N
95
84
D
0.97344
0
