i_60_2_28_FR_den405d
28
den405d
A
0
25
14
10
A
1
25
17
23
V
25
N
26
43
D
0.03128
0
0.29734
0.3703
0.05192
0.09285
V
26
N
25
44
D
0.37538
0
0.29944
V
28
N
46
D
0.00219
0.2255
0
0.18349
0.58623
V
31
N
32
49
D
0.44977
0.2051
0.06635
0
0.25458
V
32
N
31
50
D
0.42206
0
0
0.04995
V
38
N
39
D
0.83562
0
0
V
39
N
40
38
D
0.23743
0.01166
0
0.49184
0
V
40
N
41
39
D
0.18156
0.49841
0.16897
0
0.0722
V
41
N
42
40
D
0.31194
0.05729
0
0
0.07588
V
42
N
43
41
60
D
0.10616
0.47489
0
0.06553
0
V
43
N
44
42
61
25
D
0.22898
0
0.07639
0
V
44
N
43
62
26
D
0.56714
0.04045
0
0.03367
0.34181
V
46
N
64
28
D
0.13395
0.00999
0
V
49
N
50
67
31
D
0.06326
0.67353
0
V
50
N
49
68
32
D
0.5011
0
0
0.49084
0.00405
V
60
N
61
42
D
0.11335
0.04886
0.05708
0
0.70138
V
61
N
62
60
43
D
0.26606
0.68564
0
0.02313
0.00074
V
62
N
63
61
80
44
D
0.40362
0.41296
0.11071
0
V
63
N
64
62
D
0.07342
0.01347
0.46586
0.11956
0.32769
V
64
N
65
63
82
46
D
0.13335
0.22993
0.34998
0.00745
0
0.00615
V
65
N
66
64
83
D
0.57363
0
V
66
N
67
65
84
D
0.10721
0.00287
0
0.76581
V
67
N
68
66
85
49
D
0.36477
0
0.37075
0
0.00647
V
68
N
69
67
86
50
D
0.48385
0
0.35832
V
69
N
70
68
D
0.58209
0
V
70
N
71
69
88
D
0.003
0.01859
0.88477
0
0
V
71
N
72
70
89
D
0.52863
0
V
72
N
71
90
D
0.68416
0
0.07741
0.166
V
80
N
98
62
D
0.17081
0.01123
0.00012
0
0.69748
V
82
N
83
100
64
D
0.00108
0.11423
0.00266
0.62841
0.04647
0.20715
V
83
N
84
82
101
65
D
0.00037
0.00043
0.992
0
0.0005
0.00572
V
84
N
85
83
102
66
D
0.76332
0
V
85
N
86
84
103
67
D
0.84179
0
0.11485
V
86
N
85
104
68
D
0.17902
0
V
88
N
89
70
D
0.00041
0.01311
0.00617
0.76829
0
0.00271
V
89
N
90
88
107
71
D
0.53138
0
V
90
N
89
72
D
0.77442
0.10158
0
V
98
N
80
D
0.06292
0
0.91047
V
100
N
101
82
D
0.46495
0
0
V
101
N
102
100
83
D
0.42551
0
V
102
N
103
101
120
84
D
0.51473
0
0.30761
0.043
V
103
N
104
102
85
D
0.82292
0
V
104
N
103
86
D
0.04981
0
0
0
V
107
N
89
D
0.37612
0
V
120
N
138
102
D
0.26451
0
0.2264
0.05648
V
136
N
137
154
D
0.15506
0
V
137
N
138
136
155
D
0.56733
0
V
138
N
139
137
156
120
D
0.91068
0
V
139
N
140
138
157
D
0.67394
0.32606
V
140
N
139
158
D
0.03391
0.7811
0
0.01466
V
154
N
155
172
136
D
0.58659
0
0.40285
V
155
N
156
154
173
137
D
0.13367
0.11157
0
0.13212
0.37317
V
156
N
157
155
174
138
D
0.01517
0.08389
0
0
V
157
N
158
156
175
139
D
0.06541
0
0.17062
0.23008
0.50346
V
158
N
157
176
140
D
0.16725
0
V
172
N
173
154
D
0.67768
0.17169
0
0.13264
V
173
N
174
172
155
D
0.43474
0.37391
0
0.15507
V
174
N
175
173
156
D
0.44134
0
0.23136
0.25263
V
175
N
176
174
157
D
0.20933
0
V
176
N
175
158
D
0.0166
0
0.09839
0
0.0109
