i_79_2_28_FR_den101d
28
den101d
A
0
26
15
22
A
1
26
19
11
V
26
N
27
44
D
0.76779
0.16838
0.01096
0.00298
0
0.03187
V
27
N
28
26
D
0.16305
0
0
0.01378
0.48888
V
28
N
27
D
0.29479
0.6977
0.00751
V
33
N
34
51
D
0.30157
0
0.00032
0.10822
V
34
N
33
52
D
0.59129
1e-05
5e-05
0.17083
0
V
42
N
43
60
D
0.01331
0
0.17287
V
43
N
44
42
61
D
0.64581
0.33481
0
V
44
N
43
62
26
D
0.00362
0.007
0.69107
0
0.00187
5e-05
V
47
N
48
65
D
0.18163
0.28607
0
0
V
48
N
47
66
D
0.08566
0.03811
0
0.27651
V
50
N
51
68
D
0.25735
0.13814
0
V
51
N
52
50
69
33
D
0.21599
0.65283
0
V
52
N
53
51
70
34
D
0.46931
0.32273
0.04489
0
0.00159
0.15289
V
53
N
54
52
71
D
0.05784
0
0
V
54
N
53
72
D
0.60681
0.38127
0
V
60
N
61
42
D
0.13282
0.86718
V
61
N
62
60
43
D
0.98876
0.00929
0.00195
V
62
N
63
61
80
44
D
0.13274
0
0.32523
V
63
N
64
62
D
0.01936
0.00487
0.48061
0.4713
0.01399
0.00987
V
64
N
65
63
D
0.41199
0
0
V
65
N
66
64
47
D
0.16851
0
0
V
66
N
65
48
D
0.42551
0
V
68
N
69
50
D
0.29128
0
0.10435
0.39894
0.09529
V
69
N
70
68
51
D
0.00037
0
0
0.99945
V
70
N
71
69
88
52
D
0.78003
0
0
V
71
N
72
70
89
53
D
0.74805
0.00706
0
0.02583
0.04637
0.05518
V
72
N
71
90
54
D
0.97014
0
V
80
N
98
62
D
0.03773
0
0
0.72125
V
88
N
89
106
70
D
0.02222
0.1021
0.26637
0.04645
0.52422
0
V
89
N
90
88
107
71
D
0.12838
0
V
90
N
89
72
D
0.55034
0.43601
0
0.00599
V
96
N
97
114
D
0.17864
0
0.14381
0
V
97
N
98
96
115
D
0.73347
0.13788
0.12341
0
V
98
N
99
97
116
80
D
0.81475
0.18525
V
99
N
100
98
117
D
0.2819
0
V
100
N
101
99
118
D
0.90977
0
0.05577
V
101
N
102
100
119
D
0.41602
0
V
102
N
103
101
120
D
0.10732
0.5833
0.00258
0.3068
V
103
N
102
121
D
0.20506
0
0.13807
0
V
106
N
107
124
88
D
0.00026
0.00053
0
0
0.74814
V
107
N
106
89
D
0.14705
0
0.27046
0.55606
V
114
N
115
132
96
D
0.00016
0.09802
9e-05
0
V
115
N
116
114
97
D
0.03321
0
V
116
N
117
115
98
D
0.06423
0.00403
0.00141
0.00688
0.92345
V
117
N
118
116
99
D
0.02147
0
0.78471
0.0987
0.01544
0.00195
V
118
N
119
117
100
D
0.00027
0.00134
0
0.0129
0.00552
V
119
N
120
118
101
D
0.58184
0
0
V
120
N
121
119
138
102
D
0.11052
0.21657
0.67291
V
121
N
122
120
139
103
D
0.54643
0.01345
0.41433
0.01755
0
V
122
N
121
140
D
0.06021
0
0.30435
0.56951
0.00346
V
124
N
142
106
D
0.56555
0.43445
V
126
N
144
D
0.20267
0.14634
0.00366
0.64511
0.00222
V
128
N
129
146
D
0.09091
0
0.78622
0.01193
0
V
129
N
130
128
147
D
0.27849
0.02367
0.05275
0.48266
0
V
130
N
131
129
148
D
0.15772
0.09198
0
0.17928
V
131
N
132
130
D
0.05984
0
V
132
N
131
150
114
D
0.05058
0.52263
0
0.34405
0.06608
V
138
N
139
156
120
D
0.34913
0
0.19813
0.02324
V
139
N
140
138
121
D
0.00203
0
0.18596
0.78712
0
V
140
N
141
139
122
D
0.29263
0
0.14112
0.2883
0
V
141
N
142
140
D
0.04304
0
V
142
N
143
141
124
D
0.06228
0.02395
0.10977
0.75823
0
V
143
N
144
142
D
0.45113
0
0
V
144
N
143
126
D
0.03773
0
0.58251
0.20103
0.14039
V
146
N
147
164
128
D
0.0532
0
0
V
147
N
148
146
165
129
D
0.44348
0.23941
0
0.09419
0.11196
V
148
N
147
166
130
D
0.2942
0
0
V
150
N
168
132
D
0.09389
0.14381
0
0.67621
0.00686
0.07192
V
156
N
174
138
D
0.62815
0
0
V
164
N
165
146
D
0.06246
0.13187
0
0.34293
0.01027
0.44531
V
165
N
166
164
147
D
0.08625
0
0.01408
0.00308
0
V
166
N
165
148
D
0.01006
0.96271
0.01149
0
0
V
168
N
169
150
D
0.05745
0.16679
0.06072
0
0.00208
V
169
N
170
168
D
0.16142
0.02045
0.03303
0
V
170
N
171
169
D
0.464
0.04568
0.40111
0
V
171
N
172
170
D
0.00359
0.09239
0.01588
0
0.04397
V
172
N
173
171
D
0.82805
0
V
173
N
174
172
D
0.05775
0.28929
0
0.10631
V
174
N
173
156
D
0.67705
0.10846
0
