i_93_1_20_FR_oth999d
20
oth999d
A
0
1
13
8
V
1
N
2
13
D
0.44065
0
V
2
N
3
1
14
D
0.02915
0.08386
0
0.76054
0
V
3
N
4
2
15
D
0.01063
0
0.00258
V
4
N
5
3
16
D
0.81682
0
0.05639
0.01431
0.08069
V
5
N
6
4
17
D
0.04984
0
0
0.00485
0.01206
V
6
N
7
5
18
D
0.139
0
0
V
7
N
8
6
19
D
0.25608
0
0
0.50945
0.08214
V
8
N
9
7
20
D
0.62864
0
V
9
N
10
8
21
D
0.03621
0.03474
0.75035
2e-05
0.17868
V
10
N
11
9
22
D
0.00245
0.99497
0
V
11
N
12
10
23
D
0.59362
0.03985
0.22663
0
V
12
N
11
24
D
0.2655
0
0.12152
0.17562
V
13
N
14
25
1
D
0.46912
0.00174
0.26462
0.00261
0.26191
V
14
N
15
13
26
2
D
0.6543
0
V
15
N
16
14
27
3
D
0.63572
0
0.0132
V
16
N
17
15
28
4
D
0.06356
0.56223
0.07184
0.30237
V
17
N
18
16
29
5
D
0.25307
0.00601
0.1661
0
V
18
N
19
17
30
6
D
0.11505
0
0.03236
0.4266
V
19
N
20
18
31
7
D
0.65997
0
V
20
N
21
19
32
8
D
0.02462
0
0
0.16984
0.5641
V
21
N
22
20
33
9
D
0.78819
0.01569
0.00016
0.00021
0.04073
0
V
22
N
23
21
34
10
D
0.18582
0.76643
0.04775
V
23
N
24
22
35
11
D
0.32859
0.0528
0.17497
0.44364
V
24
N
23
36
12
D
0.39807
0.08288
0
0.50189
0.00126
V
25
N
26
37
13
D
0.52692
0.16715
0
0
V
26
N
27
25
38
14
D
0.16366
0.14166
0.57129
0
0.01047
0.01481
V
27
N
28
26
39
15
D
0.48609
0
0.4189
V
28
N
29
27
40
16
D
0.45942
0
V
29
N
30
28
41
17
D
0.13033
0.40792
0
0.06046
0.22635
V
30
N
31
29
42
18
D
0.53655
0
V
31
N
32
30
43
19
D
0.2942
0
V
32
N
33
31
44
20
D
0.25769
0
0
0
V
33
N
34
32
45
21
D
0.02317
0.04622
0
0.47032
V
34
N
35
33
46
22
D
0.92805
0.07195
V
35
N
36
34
47
23
D
0.36419
0.17025
0
0.25036
V
36
N
35
48
24
D
0.01739
0
0.58398
0.06657
0.03961
0.29092
V
37
N
38
49
25
D
0.4811
0.21229
0
0.03794
V
38
N
39
37
50
26
D
0.06867
0.67857
0
0.16429
0
V
39
N
40
38
51
27
D
0.3566
0.47182
0
0.17021
V
40
N
41
39
52
28
D
0.00406
0.02595
0.07716
0.00298
0.5727
0.31715
V
41
N
42
40
53
29
D
0.01745
0.50561
0.00269
0
0.47188
1e-05
V
42
N
43
41
54
30
D
0.55826
0.08443
0.35731
V
43
N
44
42
55
31
D
0.084
0
0
0.39871
V
44
N
45
43
56
32
D
0.91459
0
V
45
N
46
44
57
33
D
0.27792
0.12039
0.55157
0
0.00166
V
46
N
47
45
58
34
D
0.11955
0.0857
0.04567
0.12798
0
0.61754
V
47
N
48
46
59
35
D
0.26216
0
0
V
48
N
47
60
36
D
0.26302
0.42109
0
0.00353
V
49
N
50
37
D
0.04378
0
0.05037
0.57885
V
50
N
51
49
62
38
D
0.15282
0.1802
0.36191
0
0.03211
0.01706
V
51
N
52
50
63
39
D
0.20449
0.67275
0
V
52
N
53
51
64
40
D
0.08625
0
0
V
53
N
54
52
65
41
D
0.26086
0.0773
0
V
54
N
55
53
66
42
D
0.10048
0
0.03394
0
0.32583
V
55
N
56
54
67
43
D
0.55517
0
0.05234
0
V
56
N
57
55
68
44
D
0.09141
0
0.01335
0.63173
V
57
N
58
56
69
45
D
0.99065
0.00935
V
58
N
59
57
70
46
D
0.29511
0.03202
0
0.12514
0.54596
V
59
N
60
58
71
47
D
0.00369
0.01918
0.00121
0
0.00088
0.97484
V
60
N
59
72
48
D
0.02926
0
0.9094
V
62
N
63
74
50
D
0.57698
0.08679
0
0.2868
V
63
N
64
62
75
51
D
0.18755
0
0
0.63452
V
64
N
65
63
76
52
D
0.13325
0
0.47547
0.00838
V
65
N
66
64
77
53
D
0.61474
0.01601
0.02177
0.34711
0.00037
V
66
N
67
65
78
54
D
0.00312
0
0.38962
0
0.56975
V
67
N
68
66
79
55
D
0.18431
0
0
0.07693
V
68
N
69
67
80
56
D
0.26632
0.00402
0.07602
0
V
69
N
70
68
81
57
D
0.07064
0.25682
0
0.0543
0.61816
V
70
N
71
69
82
58
D
0.00808
0.00554
0.4839
0.37774
0.05089
0.07385
V
71
N
72
70
83
59
D
0.00199
0
0
0
V
72
N
71
84
60
D
0.01436
0
0
0.90247
V
74
N
75
86
62
D
0.22065
0
0.20167
0.03418
V
75
N
76
74
87
63
D
0.95743
0.00018
0.00048
0
0.03502
0.0002
V
76
N
77
75
88
64
D
0.03967
0
0
V
77
N
78
76
89
65
D
0.23604
0.36637
0.11724
0
0
V
78
N
79
77
90
66
D
0.0412
0
0
V
79
N
80
78
91
67
D
0.28969
0
0
V
80
N
81
79
92
68
D
0.31758
0.33212
0
V
81
N
82
80
93
69
D
0.23642
0.22979
0
0.10459
0
V
82
N
83
81
94
70
D
0.40715
0
0
0.27129
V
83
N
84
82
95
71
D
0.73515
0
V
84
N
83
96
72
D
0.24655
0
0
0.09754
V
86
N
87
74
D
0.91936
0
0
V
87
N
88
86
75
D
0.04748
0
0
0.19155
0.12552
V
88
N
89
87
76
D
0.24913
0
0
V
89
N
90
88
77
D
0.26478
0
0.48085
0.18764
0.05757
V
90
N
91
89
78
D
0.00999
0
0.01428
0
V
91
N
92
90
79
D
0.01967
0
0.70753
0.23025
V
92
N
93
91
80
D
0.00243
8e-05
0
4e-05
0.65579
0.33877
V
93
N
94
92
81
D
0.21226
0.01778
0
0.6179
0.00123
V
94
N
95
93
82
D
0.18942
0
0.17271
0.00822
V
95
N
96
94
83
D
0.24171
0.44621
0
0
V
96
N
95
84
D
0.22028
0
