i_12_1_3_FR_X
3
X
A
0
1
3
3
V
1
N
2
4
D
0.0246
0.9754
V
2
N
3
1
5
D
0.101
0
0
0.0896
0.7459
0
0.0635
V
3
N
2
6
D
0.2511
0.3245
0.046
0
0.2051
0.1733
V
4
N
5
7
1
D
0.6932
0.2652
0.0302
0
0
0.0114
V
5
N
6
4
8
2
D
0.1414
0
0
0.1179
0.2325
0.1879
0.3203
V
6
N
5
9
3
D
0.2354
0.4034
0.0172
0
0.3105
0.0081
0.0254
V
7
N
8
10
4
D
0.7401
0
0.2599
V
8
N
9
7
11
5
D
0.1961
0
0
0
0
0
0.8039
V
9
N
8
12
6
D
0.1501
0
0.1417
0.2604
0
0.143
0.3048
V
10
N
11
7
D
0.3078
0.3815
0.1976
0
0
0.1131
V
11
N
12
10
8
D
0.2219
0.1434
0
0.3175
0.3172
V
12
N
11
9
D
0.9931
0
0
0
0
0.0069
