i_12_4_12_FR_X
12
X
A
0
1
7
7
A
1
1
11
6
A
2
1
7
6
A
3
1
7
8
V
1
N
2
5
D
0.8476
0
0
0.0419
0.1105
V
2
N
3
1
6
D
0.0221
0
0.9779
V
3
N
4
2
7
D
0.1945
0.254
0.4372
0
0
0.1108
0.0035
V
4
N
3
8
D
0.1339
0.0811
0.1225
0
0.0064
0.0587
0.5974
V
5
N
6
9
1
D
0.2297
0
0.0185
0.0026
0
0.7492
V
6
N
7
5
10
2
D
0.2078
0.0003
0.7793
0.0001
0
0.0125
V
7
N
8
6
11
3
D
0.049
0
0.6544
0
0.1192
0.0321
0.1453
V
8
N
7
12
4
D
0.5033
0
0
0.4082
0.0066
0.0819
V
9
N
10
5
D
0.6003
0
0.3997
V
10
N
11
9
6
D
0.1575
0.6016
0
0.2409
V
11
N
12
10
7
D
0.7332
0
0.1955
0
0.0187
0
0.0526
V
12
N
11
8
D
0.031
0
0.4335
0.1221
0
0.3687
0.0447
