i_12_1_10_FR_X
10
X
A
0
1
6
6
V
1
N
2
4
D
0.0449
0
0
0.0519
0
0.5262
0.377
V
2
N
3
1
5
D
0.9411
0
0
0
0
0
0.0589
V
3
N
2
6
D
0.7203
0.022
0
0
0
0.1981
0.0596
V
4
N
5
7
1
D
0.2859
0.5217
0.0134
0
0.179
V
5
N
6
4
8
2
D
0.0512
0.4585
0.0038
0.2421
0.0044
0.24
V
6
N
5
9
3
D
0.6789
0.031
0
0
0.0013
0.2375
0.0513
V
7
N
8
10
4
D
0.274
0
0
0.0122
0
0.2174
0.4964
V
8
N
9
7
11
5
D
0.5223
0
0
0.1473
0.3304
V
9
N
8
12
6
D
0.0366
0.8931
0.0286
0
0.0001
0
0.0416
V
10
N
11
7
D
0.1429
0
0.3298
0.5273
V
11
N
12
10
8
D
0.2593
0.2851
0.1255
0.3236
0
0
0.0065
V
12
N
11
9
D
0.5416
0
0
0
0.0045
0.3285
0.1254
