i_12_1_8_FR_X
8
X
A
0
1
8
7
V
1
N
2
4
D
0.7692
0.0048
0
0.2225
0
0
0.0035
V
2
N
3
1
5
D
0.1426
0
0.7087
0
0.1487
V
3
N
2
6
D
0.0311
0
0
0
0
0.7263
0.2426
V
4
N
5
7
1
D
0.6572
0.331
0
0
0
0.0118
V
5
N
6
4
8
2
D
0.2897
0
0.3693
0.0187
0
0.0598
0.2625
V
6
N
5
9
3
D
0.3593
0.1292
0.1406
0
0
0
0.3709
V
7
N
8
10
4
D
0.6205
0
0
0
0.3795
V
8
N
9
7
11
5
D
0.4536
0
0
0.5464
V
9
N
8
12
6
D
0.7714
0.2286
V
10
N
11
7
D
0.4584
0.2043
0.0028
0
0.1688
0.1657
V
11
N
12
10
8
D
0.753
0
0.247
V
12
N
11
9
D
0.8942
0
0.0818
0.0085
0
0
0.0155
