i_12_1_7_FR_X
7
X
A
0
1
5
4
V
1
N
2
5
D
0.2618
0.0863
0.1962
0
0
0.2553
0.2004
V
2
N
3
1
6
D
0.6018
0.0658
0.0362
0.0697
0
0.2265
V
3
N
4
2
7
D
0.759
0.0844
0.1494
0
0.0008
-0.0001
0.0065
V
4
N
3
8
D
0.9314
0
0
0.0686
V
5
N
6
9
1
D
0.0211
0.0027
0.0149
0.9613
V
6
N
7
5
10
2
D
0.0007
0.2171
0.0699
0.0305
0
0.6818
V
7
N
8
6
11
3
D
0.2515
0.0997
0
0
0.0295
0.6193
V
8
N
7
12
4
D
0.1098
0.3045
0.0277
0.0066
0.0218
0.5296
V
9
N
10
5
D
0.0741
0
0.3289
0.597
V
10
N
11
9
6
D
0.0136
0.0172
0
0.1107
0.0418
0.207
0.6097
V
11
N
12
10
7
D
0.1961
0
0
0.0215
0.7824
V
12
N
11
8
D
0.0006
0
0
0
0.9994
