i_15_2_6_FR_X
6
X
A
0
1
5
3
A
1
1
6
6
V
1
N
2
4
D
0.5064
0.0675
0.0576
0
0.2737
0.0948
V
2
N
3
1
5
D
0.002
0.8753
0.0393
0
0
0.0571
0.0263
V
3
N
2
6
D
0.1991
0.5495
0
0
0.0071
0.1613
0.083
V
4
N
5
7
1
D
0.7163
0.1145
0
0.0152
0
0.154
V
5
N
6
4
8
2
D
0.5164
0
0
0
0.0706
0.0006
0.4124
V
6
N
5
9
3
D
0.8192
0
0.1601
0.0008
0
0.0199
V
7
N
8
10
4
D
0.4063
0.5626
0
0
0.0058
0.0253
V
8
N
9
7
11
5
D
0.3065
0
0.2755
0.2881
0
0.0132
0.1167
V
9
N
8
12
6
D
0.087
0.4117
0.4739
0
0
0
0.0274
V
10
N
11
13
7
D
0.3364
0
0
0
0
0.6636
V
11
N
12
10
14
8
D
0.4212
0
0.0476
0
0.061
0
0.4702
V
12
N
11
15
9
D
0.0113
0
0.1536
0.1426
0.0163
0.4316
0.2446
V
13
N
14
10
D
0.0074
0
0.0871
0.0154
0.0073
0.855
0.0278
V
14
N
15
13
11
D
0.4329
0.1929
0
0
0.2917
0
0.0825
V
15
N
14
12
D
0.757
0
0.243
