i_15_1_6_FR_X
6
X
A
0
1
5
3
V
1
N
2
4
D
0.0831
0
0.5288
0.2636
0
0.0615
0.063
V
2
N
3
1
5
D
0.7825
0
0.2175
V
3
N
2
6
D
0.2028
0.3475
0.0909
0.0429
0.0117
0.3042
V
4
N
5
7
1
D
0.0153
0.4025
0
0.5822
V
5
N
6
4
8
2
D
0.2802
0
0
0.6273
0.0925
V
6
N
5
9
3
D
0.3802
0
0.4177
0
0
0.111
0.0911
V
7
N
8
10
4
D
0.1639
0.7895
0.0279
0
0.0187
V
8
N
9
7
11
5
D
0.5068
0
0
0
0
0.4932
V
9
N
8
12
6
D
0.0029
0.9546
0
0
0.0006
0
0.0419
V
10
N
11
13
7
D
0.7524
0
0.0919
0.1051
0
0.0481
0.0025
V
11
N
12
10
14
8
D
0.0838
0.1693
0.0012
0
0
0.0562
0.6895
V
12
N
11
15
9
D
0.3522
0
0
0.269
0.2875
0
0.0913
V
13
N
14
10
D
0.0481
0.9072
0
0.0078
0
0.0082
0.0287
V
14
N
15
13
11
D
0.0315
0
0.2063
0.0034
0.1151
0
0.6437
V
15
N
14
12
D
0.4078
0
0
0.2111
0.2224
0
0.1587
