i_15_1_8_FR_X
8
X
A
0
1
4
3
V
1
N
2
4
D
0.1237
0.0442
0.0427
0.6918
0.0976
V
2
N
3
1
5
D
0.4734
0
0
0
0.289
0.2376
V
3
N
2
6
D
0.0078
0.9279
0.0086
0.0002
0.0555
V
4
N
5
7
1
D
0.487
0.513
V
5
N
6
4
8
2
D
0.1781
0
0.7663
0
0
0.0556
V
6
N
5
9
3
D
0.4471
0
0.3912
0
0.1617
V
7
N
8
10
4
D
0.6087
0
0.3874
0
0
0.0039
V
8
N
9
7
11
5
D
0.2913
0.1216
0
0
0
0.5871
V
9
N
8
12
6
D
0.0157
0.4182
0
0.1566
0.1328
0.0334
0.2433
V
10
N
11
13
7
D
0.2879
0.0453
0
0
0.2441
0.0427
0.38
V
11
N
12
10
14
8
D
0.4275
0
0.0894
0.048
0
0
0.4351
V
12
N
11
15
9
D
0.0012
0.7197
0.0523
0
0.2268
V
13
N
14
10
D
0.4688
0
0
0.3047
0.043
0
0.1835
V
14
N
15
13
11
D
0.0955
0
0
0
0.7618
0.1427
V
15
N
14
12
D
0.517
0.1078
0
0
0
0.3752
