i_15_1_4_FR_X
4
X
A
0
1
3
3
V
1
N
2
6
D
0.002
0.5152
0.4634
0.0025
0.0131
0.0038
V
2
N
3
1
7
D
0.0865
0
0.0938
0
0
0.0037
0.816
V
3
N
4
2
8
D
0.392
0
0
0
0
0
0.608
V
4
N
5
3
9
D
0.6299
0
0.0069
0
0
0.3434
0.0198
V
5
N
4
10
D
0.7304
0
0
0.2696
V
6
N
7
11
1
D
0.5978
0
0
0
0.4022
V
7
N
8
6
12
2
D
0.0849
0
0.8027
0
0
0
0.1124
V
8
N
9
7
13
3
D
0.6067
0
0
0
0
0.0818
0.3115
V
9
N
10
8
14
4
D
0.8271
0.1455
0.0274
V
10
N
9
15
5
D
0.0011
0.0012
0.0006
0
0
0.6029
0.3942
V
11
N
12
6
D
0.0001
0.975
0.0016
0.0232
0
0.0001
V
12
N
13
11
7
D
0.162
0
0
0
0.2615
0.4036
0.1729
V
13
N
14
12
8
D
0.1714
0
0.0154
0
0
0
0.8132
V
14
N
15
13
9
D
0.3187
0.0995
0
0
0.5818
V
15
N
14
10
D
0.0774
0
0.4534
0.1275
0.0575
0
0.2842
