i_16_1_3_FR_X
3
X
A
0
1
3
3
V
1
N
2
5
D
0.0043
0.1073
0.0198
0
0.8655
0
0.0031
V
2
N
3
1
6
D
0.1477
0.4094
0
0
0.3423
0.0191
0.0815
V
3
N
4
2
7
D
0.7828
0
0
0
0
0.2172
V
4
N
3
8
D
0.0144
0.9008
0
0.0066
0.0772
0
0.001
V
5
N
6
9
1
D
0.4069
0
0.1533
0
0
0.4398
V
6
N
7
5
10
2
D
0.3794
0
0.148
0.1295
0
0
0.3431
V
7
N
8
6
11
3
D
0.066
0.0023
0.0066
0
0.2558
0
0.6693
V
8
N
7
12
4
D
0.0459
0
0
0.8561
0.098
V
9
N
10
13
5
D
0.1716
0
0
0
0.1111
0.3005
0.4168
V
10
N
11
9
14
6
D
0.058
0.4854
0
0
0
0.0369
0.4197
V
11
N
12
10
15
7
D
0.1249
0
0.118
0.0597
0
0.4355
0.2619
V
12
N
11
16
8
D
0.661
0
0.0244
0
0.3085
0.0061
V
13
N
14
9
D
0.1882
0.034
0.6633
0
0.0828
0.0005
0.0312
V
14
N
15
13
10
D
0.1454
0.1666
0.2598
0.2277
0.1461
0.0544
V
15
N
16
14
11
D
0.5518
0.0458
0
0
0
0.2338
0.1686
V
16
N
15
12
D
0.2574
0.0939
0
0.6487
