i_16_1_8_FR_X
8
X
A
0
1
4
7
V
1
N
2
5
D
0.3734
0
0
0.1645
0.4621
V
2
N
3
1
6
D
0.1562
0.0114
0
0.2331
0.0012
0.0177
0.5804
V
3
N
4
2
7
D
0.1672
0.4439
0
0.0691
0
0.2395
0.0803
V
4
N
3
8
D
0.3236
0.0004
0.6373
0.0048
0.0339
V
5
N
6
9
1
D
0.0162
0
0.3953
0.5775
0.0038
0.0072
V
6
N
7
5
10
2
D
0.8501
0.0897
0.0069
0
0
0
0.0533
V
7
N
8
6
11
3
D
0.0969
0.276
0.2654
0
0
0.118
0.2437
V
8
N
7
12
4
D
0.2011
0
0
0
0.3472
0.3499
0.1018
V
9
N
10
13
5
D
0.9498
0.0502
V
10
N
11
9
14
6
D
0.5006
0
0
0.3563
0
0.1431
V
11
N
12
10
15
7
D
0.3021
0.3984
0
0.2995
V
12
N
11
16
8
D
0.6113
0.0007
0
0
0.388
V
13
N
14
9
D
0.0604
0
0.1666
0.7645
0
0.0085
V
14
N
15
13
10
D
0.0201
0.0559
0
0.4657
0.3974
0
0.0609
V
15
N
16
14
11
D
0.2884
0.5509
0.1607
V
16
N
15
12
D
0.3597
0.0291
0
0.4613
0.0692
0
0.0807
