i_16_1_10_FR_X
10
X
A
0
1
8
3
V
1
N
2
5
D
0.0856
0
0
0
0.4674
0.2473
0.1997
V
2
N
3
1
6
D
0.0796
0.0543
0.1615
0.3254
0.167
0.0047
0.2075
V
3
N
4
2
7
D
0.0022
0.0268
0.0012
0
0
0.0554
0.9144
V
4
N
3
8
D
0.053
0
0
0.77
0
0.177
V
5
N
6
9
1
D
0.1576
0.0055
0.7574
0
0.0795
V
6
N
7
5
10
2
D
0.3164
0.0651
0
0
0
0.4339
0.1846
V
7
N
8
6
11
3
D
0.0925
0.0157
0.0013
0
0.0321
0
0.8584
V
8
N
7
12
4
D
0.0101
0
0
0.0487
0
0
0.9412
V
9
N
10
13
5
D
0.0006
0
0.1052
0
0.2436
0.3821
0.2685
V
10
N
11
9
14
6
D
0.8488
0
0
0
0
0.1512
V
11
N
12
10
15
7
D
0.035
0
0
0
0.3089
0.1082
0.5479
V
12
N
11
16
8
D
0.0698
0.3189
0.0315
0.019
0.5608
V
13
N
14
9
D
0.2293
0
0
0.6334
0
0.059
0.0783
V
14
N
15
13
10
D
0.0679
0.0183
0.1773
0.3708
0.0602
0
0.3055
V
15
N
16
14
11
D
0.0089
0.118
0
0.8661
0
0.007
V
16
N
15
12
D
0.7313
0
0
0.0756
0.1609
0.0164
0.0158
