i_18_2_9_FR_X
9
X
A
0
1
9
3
A
1
1
7
3
V
1
N
2
4
D
0.0385
0
0
0.0292
0.9323
V
2
N
3
1
5
D
0.0338
0
0.5669
0.3337
0.0234
0.0422
V
3
N
2
6
D
0.0966
0.1748
0.2908
0.4122
0
0
0.0256
V
4
N
5
7
1
D
0.4631
0.0413
0
0
0.1424
0.3532
V
5
N
6
4
8
2
D
0.8682
0
0
0
0
0
0.1318
V
6
N
5
9
3
D
0.8666
0
0
0.1334
V
7
N
8
10
4
D
0.2301
0
0.3395
0
0
0.4304
V
8
N
9
7
11
5
D
0.1227
0
0
0.7367
0.1392
0.0014
V
9
N
8
12
6
D
0.22
0
0
0
0
0
0.78
V
10
N
11
13
7
D
0.2019
0
0
0.7981
V
11
N
12
10
14
8
D
0.5727
0
0
0
0.4273
V
12
N
11
15
9
D
0.0465
0.0971
0.026
0.2148
0.0968
0
0.5188
V
13
N
14
16
10
D
0.2311
0.659
0
0
0
0
0.1099
V
14
N
15
13
17
11
D
0.0224
0.1723
0
0.0455
0.3275
0
0.4323
V
15
N
14
18
12
D
0.0436
0.0033
0
0.0163
0.9363
0
0.0005
V
16
N
17
13
D
0.6505
0.0087
0.0566
0.0862
0.1872
0.0108
V
17
N
18
16
14
D
0.3557
0.071
0
0.3301
0
0.105
0.1382
V
18
N
17
15
D
0.3049
0
0
0
0
0
0.6951
