i_18_1_15_FR_X
15
X
A
0
1
11
11
V
1
N
2
4
D
0.0724
0.0058
0.2385
0
0
0
0.6833
V
2
N
3
1
5
D
0.1865
0.6401
0
0
0.1734
V
3
N
2
6
D
0.9996
0.0004
V
4
N
5
7
1
D
0.0038
0
0.0321
0.9174
0
0
0.0467
V
5
N
6
4
8
2
D
0.7829
0
0
0.2171
V
6
N
5
9
3
D
0.228
0
0.072
0
0.3948
0
0.3052
V
7
N
8
10
4
D
0.02
0.1376
0
0.592
0
0.2504
V
8
N
9
7
11
5
D
0.6704
0.1705
0
0
0
0.1591
V
9
N
8
12
6
D
0.0028
0.0065
0.0026
0.2094
0.7778
0
0.0009
V
10
N
11
13
7
D
0.3955
0
0.6045
V
11
N
12
10
14
8
D
0.0017
0.1645
0.004
0.7187
0
0.0922
0.0189
V
12
N
11
15
9
D
0.2558
0.3569
0
0
0.1689
0.1739
0.0445
V
13
N
14
16
10
D
0.7271
0
0.0701
0
0.2028
V
14
N
15
13
17
11
D
0.1265
0.8368
0.0351
0.0016
V
15
N
14
18
12
D
0.4911
0
0
0
0.5089
V
16
N
17
13
D
0.3588
0.1228
0
0
0.0238
0.1854
0.3092
V
17
N
18
16
14
D
0.6232
0.2025
0
0
0
0
0.1743
V
18
N
17
15
D
0.0047
0.4222
0
0.0279
0.4588
0.0864
