i_20_1_9_FR_X
9
X
A
0
1
5
3
V
1
N
2
5
D
0.5919
0.0506
0.2218
0.1207
0
0.015
V
2
N
3
1
6
D
0.8934
0
0
0
0
0
0.1066
V
3
N
4
2
7
D
0.5322
0.3611
0
0
0
0.1067
V
4
N
3
8
D
0.4983
0.0879
0
0.3062
0
0.1076
V
5
N
6
9
1
D
0.4329
0.1763
0
0.3493
0
0
0.0415
V
6
N
7
5
10
2
D
0.4798
0
0.2054
0.1795
0.1353
V
7
N
8
6
11
3
D
0.0971
0
0
0
0.5938
0.2247
0.0844
V
8
N
7
12
4
D
0.4395
0
0.1074
0.3726
0.0805
V
9
N
10
13
5
D
0.8119
0.1399
0
0
0
0.0482
V
10
N
11
9
14
6
D
0.0304
0.0076
0.0756
0.8864
V
11
N
12
10
15
7
D
0.3382
0.1481
0.2031
0
0
0.3106
V
12
N
11
16
8
D
0.6453
0
0
0
0.3547
V
13
N
14
17
9
D
0.1936
0
0.4441
0.0161
0
0.1549
0.1913
V
14
N
15
13
18
10
D
0.0001
0.0134
0.0024
0
0.0057
0.0001
0.9783
V
15
N
16
14
19
11
D
0.3545
0.0131
0.0014
0
0
0.1147
0.5163
V
16
N
15
20
12
D
0.8343
0
0.0117
0.1535
0
0.0005
V
17
N
18
13
D
0.4506
0
0
0.5494
V
18
N
19
17
14
D
0.0031
0.0075
0.53
0.4585
0.0001
0.0008
V
19
N
20
18
15
D
0.5565
0
0
0
0.4435
V
20
N
19
16
D
0.0456
0
0.9475
0.0053
0
0
0.0016
