i_20_1_7_FR_X
7
X
A
0
1
7
3
V
1
N
2
6
D
0.4857
0.3352
0
0
0
0.1791
V
2
N
3
1
7
D
0.0019
0.0541
0.7192
0
0.0333
0.1758
0.0157
V
3
N
4
2
8
D
0.3481
0.3452
0
0
0.0051
0.3016
V
4
N
5
3
9
D
0.6718
0.3282
V
5
N
4
10
D
0.1612
0
0.2465
0
0.2113
0.381
V
6
N
7
11
1
D
0.0439
0
0.5675
0
0
0
0.3886
V
7
N
8
6
12
2
D
0.7205
0.0324
0
0
0.0497
0
0.1974
V
8
N
9
7
13
3
D
0.1176
0.8824
V
9
N
10
8
14
4
D
0.5555
0
0
0.4445
V
10
N
9
15
5
D
0.7316
0.1065
0
0
0.1619
V
11
N
12
16
6
D
0.2628
0.0109
0
0
0.0057
0
0.7206
V
12
N
13
11
17
7
D
0.0327
0.3329
0
0.0634
0.4582
0.1128
V
13
N
14
12
18
8
D
0.5791
0
0
0.4209
V
14
N
15
13
19
9
D
0.1118
0.5615
0
0
0.3267
V
15
N
14
20
10
D
0.3149
0
0.1926
0.4925
V
16
N
17
11
D
0.1721
0.0038
0.7606
0.0635
V
17
N
18
16
12
D
0.5462
0
0
0.4538
V
18
N
19
17
13
D
0.1869
0.1849
0
0.1148
0.2244
0
0.289
V
19
N
20
18
14
D
0.0629
0
0
0.2723
0
0
0.6648
V
20
N
19
15
D
0.2861
0
0.0567
0
0
0.6572
