i_20_2_9_FR_X
9
X
A
0
1
4
9
A
1
1
9
8
V
1
N
2
5
D
0.7229
0.001
0.0397
0.0855
0
0.1499
0.001
V
2
N
3
1
6
D
0.5504
0
0
0
0.4496
V
3
N
4
2
7
D
0.8816
0
0.1184
V
4
N
3
8
D
0.4106
0
0.0055
0
0.4543
0
0.1296
V
5
N
6
9
1
D
0.1366
0.0956
0.0307
0
0.0388
0
0.6983
V
6
N
7
5
10
2
D
0.048
0
0.0049
0.7283
0.1881
0
0.0307
V
7
N
8
6
11
3
D
0.1475
0
0.4843
0.154
0.1206
0.0936
V
8
N
7
12
4
D
0.6444
0
0.3007
0.0387
0
0
0.0162
V
9
N
10
13
5
D
0.3501
0
0.1364
0.5135
V
10
N
11
9
14
6
D
0.3015
0
0
0.2966
0.0218
0
0.3801
V
11
N
12
10
15
7
D
0.0133
0.0704
0.6804
0
0.001
0.2347
0.0002
V
12
N
11
16
8
D
0.1579
0.0122
0.0351
0.0862
0.7086
V
13
N
14
17
9
D
0.0011
0.6321
0.2847
0
0.0004
0.0071
0.0746
V
14
N
15
13
18
10
D
0.4314
0
0.0135
0
0.0009
0
0.5542
V
15
N
16
14
19
11
D
0.0432
0
0.1146
0.0933
0.1979
0
0.551
V
16
N
15
20
12
D
0.218
0.707
0.075
V
17
N
18
13
D
0.0885
0
0
0
0
0.6316
0.2799
V
18
N
19
17
14
D
0.3145
0.6741
0.0114
V
19
N
20
18
15
D
0.0813
0.1373
0
0.0993
0.6821
V
20
N
19
16
D
0.0765
0.9235
