i_20_1_6_FR_X
6
X
A
0
1
5
3
V
1
N
2
5
D
0.5717
0
0.4283
V
2
N
3
1
6
D
0.13
0.0451
0
0.0087
0.8142
0.002
V
3
N
4
2
7
D
0.81
0
0.0111
0
0
0.1789
V
4
N
3
8
D
0.4778
0
0.4645
0
0.0577
V
5
N
6
9
1
D
0.9552
0
0
0.0448
V
6
N
7
5
10
2
D
0.0893
0.0754
0.3147
0.0825
0.148
0.2901
V
7
N
8
6
11
3
D
0.2488
0.5112
0.0286
0
0
0.1596
0.0518
V
8
N
7
12
4
D
0.058
0
0.3299
0.1299
0.071
0.0461
0.3651
V
9
N
10
13
5
D
0.0922
0.0445
0.4857
0.3522
0.0254
V
10
N
11
9
14
6
D
0.5141
0.0059
0.4638
0.0037
0
0
0.0125
V
11
N
12
10
15
7
D
0.2388
0.0482
0.3061
0
0.0085
0
0.3984
V
12
N
11
16
8
D
0.6123
0
0.3877
V
13
N
14
17
9
D
0.1529
0.3922
0
0.0025
0.057
0.3954
V
14
N
15
13
18
10
D
0.266
0.0038
0
0.2389
0
0.4447
0.0466
V
15
N
16
14
19
11
D
0.3512
0
0.0012
0.3063
0
0.3413
V
16
N
15
20
12
D
0.3744
0
0
0
0
0
0.6256
V
17
N
18
13
D
0.2464
0.0832
0.1587
0.0409
0
0
0.4708
V
18
N
19
17
14
D
0.279
0
0
0.7172
0
0
0.0038
V
19
N
20
18
15
D
0.2291
0
0.4436
0
0
0.1807
0.1466
V
20
N
19
16
D
0.3622
0.6378
