i_20_1_8_FR_X
8
X
A
0
1
7
3
V
1
N
2
5
D
0.001
0.0003
0.0142
0.8634
0.1206
0
0.0005
V
2
N
3
1
6
D
0.0164
0
0.0739
0
0.9097
V
3
N
4
2
7
D
0.5266
0
0.0194
0.454
V
4
N
3
8
D
0.1291
0.8709
V
5
N
6
9
1
D
0.0947
0.0061
0
0
0.0028
0.648
0.2484
V
6
N
7
5
10
2
D
0.16
0
0
0
0.84
V
7
N
8
6
11
3
D
0.6228
0
0
0
0.3772
V
8
N
7
12
4
D
0.3839
0
0.2544
0
0.1001
0.1447
0.1169
V
9
N
10
13
5
D
0.0928
0.1651
0.0545
0
0
0
0.6876
V
10
N
11
9
14
6
D
0.043
0
0
0.0007
0.0016
0.6825
0.2722
V
11
N
12
10
15
7
D
0.4875
0
0
0
0.1179
0.3946
V
12
N
11
16
8
D
0.7783
0
0.167
0
0.0547
V
13
N
14
17
9
D
0.6357
0.0314
0
0.1753
0.0775
0.0097
0.0704
V
14
N
15
13
18
10
D
0.0986
0.2898
0
0
0.0401
0.0405
0.531
V
15
N
16
14
19
11
D
0.359
0
0
0
0.641
V
16
N
15
20
12
D
0.035
0.4309
0.2804
0.2346
0.0191
V
17
N
18
13
D
0.4657
0
0.5343
V
18
N
19
17
14
D
0.7908
0.1412
0.068
V
19
N
20
18
15
D
0.0716
0
0
0.0488
0.407
0.1171
0.3555
V
20
N
19
16
D
0.6553
0.3447
