i_20_3_11_FR_X
11
X
A
0
1
11
3
A
1
1
7
7
A
2
1
5
10
V
1
N
2
5
D
0.135
0
0.3886
0
0.0247
0.4517
V
2
N
3
1
6
D
0.272
0.0375
0
0.01
0
0
0.6805
V
3
N
4
2
7
D
0.556
0
0
0
0
0
0.444
V
4
N
3
8
D
0.1561
0
0.3279
0
0.2586
0.0808
0.1766
V
5
N
6
9
1
D
0.4961
0.5039
V
6
N
7
5
10
2
D
0.0201
0
0
0.2513
0.5686
0
0.16
V
7
N
8
6
11
3
D
0.4468
0.5532
V
8
N
7
12
4
D
0.4117
0.1238
0
0
0.4645
V
9
N
10
13
5
D
0.4792
0.3564
0
0.1143
0.0501
V
10
N
11
9
14
6
D
0.0997
0.0346
0
0.8377
0.018
0
0.01
V
11
N
12
10
15
7
D
0.0155
0
0.8966
0.0048
0
0.0193
0.0638
V
12
N
11
16
8
D
0.1394
0
0.3739
0
0
0
0.4867
V
13
N
14
17
9
D
0.0133
0.0166
0
0.9491
0
0
0.021
V
14
N
15
13
18
10
D
0.2338
0.1622
0
0.1901
0
0
0.4139
V
15
N
16
14
19
11
D
0.2703
0.0454
0.1094
0.2412
0.146
0
0.1877
V
16
N
15
20
12
D
0.61
0
0.39
V
17
N
18
13
D
0.0586
0.0129
0.8981
0.0174
0.013
V
18
N
19
17
14
D
0.2361
0
0.0728
0
0.6521
0
0.039
V
19
N
20
18
15
D
0.7996
0.0216
0
0
0.0299
0.1125
0.0364
V
20
N
19
16
D
0.2428
0
0.3445
0
0.4127
