i_20_1_18_FR_X
18
X
A
0
1
11
17
V
1
N
2
6
D
0.0068
0.817
0.002
0
0
0
0.1742
V
2
N
3
1
7
D
0.0008
0.0055
0.3758
0.6149
0
0.0026
0.0004
V
3
N
4
2
8
D
0.0049
0.7895
0
0.0049
0.0012
0
0.1995
V
4
N
5
3
9
D
0.6186
0.0883
0.0002
0.0016
0.2913
V
5
N
4
10
D
0.04
0
0
0.8371
0
0
0.1229
V
6
N
7
11
1
D
0.02
0
0
0.4804
0.1776
0.0616
0.2604
V
7
N
8
6
12
2
D
0.0518
0.3642
0
0
0.024
0.56
V
8
N
9
7
13
3
D
0.0946
0
0
0
0.2729
0.4721
0.1604
V
9
N
10
8
14
4
D
0.2017
0
0
0
0
0.7983
V
10
N
9
15
5
D
0.7735
0
0
0.1961
0.0227
0
0.0077
V
11
N
12
16
6
D
0.0101
0
0
0
0.1879
0.0862
0.7158
V
12
N
13
11
17
7
D
0.148
0.4883
0
0
0.0042
0.1675
0.192
V
13
N
14
12
18
8
D
0.078
0
0
0.0007
0.1859
0.6854
0.05
V
14
N
15
13
19
9
D
0.7594
0.0279
0
0
0.1969
0
0.0158
V
15
N
14
20
10
D
0.1177
0.5009
0
0
0
0
0.3814
V
16
N
17
11
D
0.3564
0
0.416
0.0452
0.0978
0
0.0846
V
17
N
18
16
12
D
0.578
0
0.21
0.0398
0.0344
0.1378
V
18
N
19
17
13
D
0.0134
0.1332
0
0.6828
0.1678
0
0.0028
V
19
N
20
18
14
D
0.1282
0.6443
0
0
0.0344
0
0.1931
V
20
N
19
15
D
0.0813
0.127
0
0.1762
0.1198
0
0.4957
