i_24_1_13_FR_X
13
X
A
0
1
13
6
V
1
N
2
5
D
0.3556
0
0
0
0.6444
V
2
N
3
1
6
D
0.096
0.6878
0.0007
0.0617
0.1538
V
3
N
4
2
7
D
0.3616
0.413
0
0
0.2073
0
0.0181
V
4
N
3
8
D
0.013
0.0024
0.602
0
0.2336
0.149
V
5
N
6
9
1
D
0.1451
0
0
0.8549
V
6
N
7
5
10
2
D
0.5121
0
0
0
0.0181
0.4698
V
7
N
8
6
11
3
D
0.3648
0
0
0
0
0.6352
V
8
N
7
12
4
D
0.1804
0
0
0.4723
0
0
0.3473
V
9
N
10
13
5
D
0.2679
0
0.2983
0
0
0.4338
V
10
N
11
9
14
6
D
0.4704
0
0
0.255
0.1348
0.1398
V
11
N
12
10
15
7
D
0.0695
0
0
0.0204
0.0341
0.1068
0.7692
V
12
N
11
16
8
D
0.2118
0
0
0
0
0.7882
V
13
N
14
17
9
D
0.0496
0.845
0
0
0
0
0.1054
V
14
N
15
13
18
10
D
0.011
0.9457
0.0013
0.0337
0
0
0.0083
V
15
N
16
14
19
11
D
0.777
0
0
0.0616
0
0.1614
V
16
N
15
20
12
D
0.5423
0
0.303
0
0.1547
V
17
N
18
21
13
D
0.004
0
0.7728
0.1209
0.0181
0.0842
V
18
N
19
17
22
14
D
0.0342
0.2688
0.1852
0.0551
0.0942
0
0.3625
V
19
N
20
18
23
15
D
0.3299
0.2548
0.2132
0.0436
0.1346
0
0.0239
V
20
N
19
24
16
D
0.3355
0.3972
0.1046
0.018
0.1447
V
21
N
22
17
D
0.4261
0.0323
0
0.0507
0
0.0469
0.444
V
22
N
23
21
18
D
0.1463
0.0566
0
0.0092
0.36
0.4279
V
23
N
24
22
19
D
0.326
0
0
0
0
0
0.674
V
24
N
23
20
D
0.9963
0
0
0
0
0
0.0037
