i_24_2_10_FR_X
10
X
A
0
1
10
8
A
1
1
5
10
V
1
N
2
7
D
0.0561
0.3228
0.3836
0.053
0
0.1845
V
2
N
3
1
8
D
0.0047
0
0
0.1051
0.0907
0.1806
0.6189
V
3
N
4
2
9
D
0.4559
0
0.4774
0.0667
V
4
N
5
3
10
D
0.6957
0.1286
0
0
0.1111
0
0.0646
V
5
N
6
4
11
D
0.4913
0.0019
0
0.3507
0.0021
0
0.154
V
6
N
5
12
D
0.9402
0
0
0.0221
0.0377
V
7
N
8
13
1
D
0.0566
0
0.2693
0.5167
0.0076
0
0.1498
V
8
N
9
7
14
2
D
0.7781
0
0
0.2219
V
9
N
10
8
15
3
D
0.9697
0.002
0.0214
0.0021
0
0.0048
V
10
N
11
9
16
4
D
0.0475
0
0.0073
0.049
0.0045
0.0418
0.8499
V
11
N
12
10
17
5
D
0.4573
0.1091
0
0
0.1465
0.2871
V
12
N
11
18
6
D
0.646
0
0
0
0
0
0.354
V
13
N
14
19
7
D
0.0005
0.7893
0.2046
0
0.004
0
0.0016
V
14
N
15
13
20
8
D
0.1951
0.7545
0
0
0
0
0.0504
V
15
N
16
14
21
9
D
0.5648
0
0
0.4352
V
16
N
17
15
22
10
D
0.8263
0
0
0.1227
0.051
V
17
N
18
16
23
11
D
0.6405
0
0.0515
0.308
V
18
N
17
24
12
D
0.4115
0
0
0.5022
0
0
0.0863
V
19
N
20
13
D
0.0028
0.1979
0
0.1349
0.003
0.008
0.6534
V
20
N
21
19
14
D
0.4044
0.0414
0.1761
0.0178
0.1285
0
0.2318
V
21
N
22
20
15
D
0.3407
0.2414
0.1021
0
0.3032
0
0.0126
V
22
N
23
21
16
D
0.3273
0
0.0224
0
0.5293
0.121
V
23
N
24
22
17
D
0.1333
0.0033
0
0.433
0.1713
0.0245
0.2346
V
24
N
23
18
D
0.1013
0.1395
0.1002
0
0
0.6569
0.0021
