i_24_1_18_FR_X
18
X
A
0
1
14
9
V
1
N
2
7
D
0.0719
0.0865
0.3003
0
0.5413
V
2
N
3
1
8
D
0.0114
0
0
0
0.5755
0.4131
V
3
N
4
2
9
D
0.7583
0
0.0395
0
0.0122
0.1827
0.0073
V
4
N
5
3
10
D
0.0626
0
0.1488
0.2376
0.5128
0.0382
V
5
N
6
4
11
D
0.1283
0.6945
0.1538
0.0234
V
6
N
5
12
D
0.0409
0
0
0
0.9591
V
7
N
8
13
1
D
0.1162
0
0
0
0
0.8838
V
8
N
9
7
14
2
D
0.4123
0.2743
0
0.0586
0.2548
V
9
N
10
8
15
3
D
0.3211
0.6789
V
10
N
11
9
16
4
D
0.2933
0.3175
0.3892
V
11
N
12
10
17
5
D
0.1485
0
0.0089
0
0.3309
0.2758
0.2359
V
12
N
11
18
6
D
0.6919
0
0.0631
0
0
0.245
V
13
N
14
19
7
D
0.7112
0
0
0.0379
0.1447
0.1062
V
14
N
15
13
20
8
D
0.417
0.0396
0.0505
0
0
0.2168
0.2761
V
15
N
16
14
21
9
D
0.1296
0.2072
0.3326
0
0.146
0
0.1846
V
16
N
17
15
22
10
D
0.9516
0
0
0
0.0484
V
17
N
18
16
23
11
D
0.2435
0
0
0.1896
0.2631
0.271
0.0328
V
18
N
17
24
12
D
0.5746
0
0
0.4254
V
19
N
20
13
D
0.634
0.3464
0.0134
0
0
0
0.0062
V
20
N
21
19
14
D
0.0072
0.9755
0.0111
0.004
0
0
0.0022
V
21
N
22
20
15
D
0.5176
0
0
0
0.1552
0
0.3272
V
22
N
23
21
16
D
0.5757
0
0.4243
V
23
N
24
22
17
D
0.4463
0.2406
0
0
0.1749
0.1382
V
24
N
23
18
D
0.3086
0.0164
0
0
0
0.675
