i_24_2_7_FR_X
7
X
A
0
1
7
5
A
1
1
4
3
V
1
N
2
7
D
0.4914
0.3839
0
0
0
0.1247
V
2
N
3
1
8
D
0.0633
0.1321
0.7975
0
0.0052
0
0.0019
V
3
N
4
2
9
D
0.2151
0.5489
0.0105
0.1436
0.0819
V
4
N
5
3
10
D
0.0487
0.1036
0.0363
0
0.21
0.4281
0.1733
V
5
N
6
4
11
D
0.2632
0.2722
0
0
0
0.1933
0.2713
V
6
N
5
12
D
0.0488
0.1102
0.6943
0.0894
0
0
0.0573
V
7
N
8
13
1
D
0.5929
0
0
0
0
0
0.4071
V
8
N
9
7
14
2
D
0.0679
0
0
0
0
0
0.9321
V
9
N
10
8
15
3
D
0.0104
0
0
0.19
0.0066
0.793
V
10
N
11
9
16
4
D
0.0021
0.425
0.1699
0
0
0.403
V
11
N
12
10
17
5
D
0.0565
0
0
0
0.4699
0.4736
V
12
N
11
18
6
D
0.5191
0.0202
0
0.3215
0.1392
V
13
N
14
19
7
D
0.3091
0.0234
0.5993
0.0507
0.0155
0.002
V
14
N
15
13
20
8
D
0.5744
0.1279
0
0.2977
V
15
N
16
14
21
9
D
0.7201
0
0
0
0
0
0.2799
V
16
N
17
15
22
10
D
0.1317
0
0
0
0.0302
0.5826
0.2555
V
17
N
18
16
23
11
D
0.188
0.5683
0.2437
V
18
N
17
24
12
D
0.7612
0
0
0
0
0
0.2388
V
19
N
20
13
D
0.0917
0.275
0.1682
0.0108
0.0893
0.3517
0.0133
V
20
N
21
19
14
D
0.1881
0
0.0172
0.506
0
0.1325
0.1562
V
21
N
22
20
15
D
0.6479
0
0.0203
0
0.2561
0.0757
V
22
N
23
21
16
D
0.0584
0.3448
0.3907
0
0
0.2061
V
23
N
24
22
17
D
0.1352
0
0
0
0.0339
0.8309
V
24
N
23
18
D
0.0656
0.0938
0.0019
0
0
0.8033
0.0354
