i_25_2_11_FR_X
11
X
A
0
1
6
10
A
1
1
10
11
V
1
N
2
6
D
0.2832
0.1605
0
0.4512
0
0.0167
0.0884
V
2
N
3
1
7
D
0.0054
0
0
0.9783
0.0163
V
3
N
4
2
8
D
0.7783
0
0
0
0
0.2217
V
4
N
5
3
9
D
0.0004
0.0026
0
0.0005
0.9826
0.012
0.0019
V
5
N
4
10
D
0.434
0
0
0.0927
0.4624
0
0.0109
V
6
N
7
11
1
D
0.3978
0
0.4914
0
0.0716
0.0221
0.0171
V
7
N
8
6
12
2
D
0.5812
0
0
0
0.4188
V
8
N
9
7
13
3
D
0.0962
0.1341
0
0.0919
0
0
0.6778
V
9
N
10
8
14
4
D
0.1875
0.3392
0
0
0.3889
0.0844
V
10
N
9
15
5
D
0.2029
0.0074
0.7236
0.0004
0
0.0657
V
11
N
12
16
6
D
0.3515
0
0
0
0
0.4314
0.2171
V
12
N
13
11
17
7
D
0.3775
0
0
0.4455
0.177
V
13
N
14
12
18
8
D
0.0341
0
0
0.0861
0.8798
V
14
N
15
13
19
9
D
0.1735
0
0
0.0025
0.2065
0
0.6175
V
15
N
14
20
10
D
0.1208
0
0.5908
0
0.1261
0
0.1623
V
16
N
17
21
11
D
0.6614
0.0003
0.246
0
0
0.0923
V
17
N
18
16
22
12
D
0.4264
0.4014
0
0.0496
0
0
0.1226
V
18
N
19
17
23
13
D
0.226
0.0829
0
0.2552
0.0075
0
0.4284
V
19
N
20
18
24
14
D
0.032
0.0282
0
0
0
0.9398
V
20
N
19
25
15
D
0.1144
0
0.3222
0
0.0224
0
0.541
V
21
N
22
16
D
0.0519
0
0.2175
0.1735
0.5491
0.008
V
22
N
23
21
17
D
0.4697
0
0.3334
0
0
0
0.1969
V
23
N
24
22
18
D
0.0481
0
0.1973
0.0331
0.2469
0
0.4746
V
24
N
25
23
19
D
0.5137
0.0881
0
0
0.0834
0.3148
V
25
N
24
20
D
0.2212
0
0
0
0
0
0.7788
