i_25_2_6_FR_X
6
X
A
0
1
5
4
A
1
1
4
3
V
1
N
2
6
D
0.024
0
0
0.9011
0
0.0475
0.0274
V
2
N
3
1
7
D
0.2272
0.5393
0.0655
0
0
0
0.168
V
3
N
4
2
8
D
0.0956
0
0.3187
0.1466
0
0
0.4391
V
4
N
5
3
9
D
0.4439
0.3853
0
0
0
0.1002
0.0706
V
5
N
4
10
D
0.8679
0
0.1123
0
0
0.0198
V
6
N
7
11
1
D
0.9673
0
0
0
0
0.0327
V
7
N
8
6
12
2
D
0.9464
0
0
0
0.0536
V
8
N
9
7
13
3
D
0.009
0.0126
0.0133
0.7006
0
0
0.2645
V
9
N
10
8
14
4
D
0.0027
0.0121
0
0
0.9852
V
10
N
9
15
5
D
0.0035
0.1221
0
0
0.7178
0
0.1566
V
11
N
12
16
6
D
0.1337
0.0038
0.3102
0
0
0.5523
V
12
N
13
11
17
7
D
0.4112
0
0.0074
0.0056
0.3858
0.0001
0.1899
V
13
N
14
12
18
8
D
0.1196
0.8641
0
0
0
0
0.0163
V
14
N
15
13
19
9
D
0.1685
0.4315
0.1292
0.1515
0
0
0.1193
V
15
N
14
20
10
D
0.0895
0.0936
0
0.0969
0.0025
0.0017
0.7158
V
16
N
17
21
11
D
0.0013
0.0255
0.0039
0
0.0053
0.964
V
17
N
18
16
22
12
D
0.1643
0.0826
0.1669
0
0
0.5862
V
18
N
19
17
23
13
D
0.1481
0
0
0.1813
0
0
0.6706
V
19
N
20
18
24
14
D
0.0157
0
0
0.9134
0
0
0.0709
V
20
N
19
25
15
D
0.3369
0.0691
0.215
0
0
0.0634
0.3156
V
21
N
22
16
D
0.0151
0
0.7597
0.0531
0
0
0.1721
V
22
N
23
21
17
D
0.1916
0.0215
0
0.3014
0.485
0.0003
0.0002
V
23
N
24
22
18
D
0.0406
0
0
0
0
0
0.9594
V
24
N
25
23
19
D
0.8948
0.1052
V
25
N
24
20
D
0.3855
0.0021
0.0479
0.0007
0.548
0
0.0158
