i_25_2_4_FR_X
4
X
A
0
1
2
3
A
1
1
2
3
V
1
N
2
6
D
0.5264
0.09
0
0
0
0.3305
0.0531
V
2
N
3
1
7
D
0.3961
0.1777
0
0.4151
0
0.0111
V
3
N
4
2
8
D
0.0099
0
0.0006
0.0063
0.016
0.9666
0.0006
V
4
N
5
3
9
D
0.5199
0
0
0
0
0.4801
V
5
N
4
10
D
0.0023
0
0.99
0
0.0021
0.0026
0.003
V
6
N
7
11
1
D
0.6973
0
0
0.0271
0
0.1316
0.144
V
7
N
8
6
12
2
D
0.0814
0
0
0.9186
V
8
N
9
7
13
3
D
0.0014
0
0.9065
0.042
0
0
0.0501
V
9
N
10
8
14
4
D
0.3936
0.1834
0
0.3301
0
0
0.0929
V
10
N
9
15
5
D
0.0475
0
0.086
0.3853
0.005
0.4686
0.0076
V
11
N
12
16
6
D
0.9688
0
0.0029
0
0
0.0283
V
12
N
13
11
17
7
D
0.0326
0.1248
0
0
0
0
0.8426
V
13
N
14
12
18
8
D
0.1566
0
0
0.5357
0.2977
0.01
V
14
N
15
13
19
9
D
0.1742
0.0331
0.006
0
0
0
0.7867
V
15
N
14
20
10
D
0.0058
0.0001
0.145
0
0.3175
0.5316
V
16
N
17
21
11
D
0.0267
0.0194
0.3247
0.6032
0
0.026
V
17
N
18
16
22
12
D
0.3972
0
0.0341
0
0.0197
0
0.549
V
18
N
19
17
23
13
D
0.3457
0.6543
V
19
N
20
18
24
14
D
0.1556
0
0
0.0392
0
0.097
0.7082
V
20
N
19
25
15
D
0.8337
0.003
0.0012
0.002
0
0.0023
0.1578
V
21
N
22
16
D
0.5739
0
0
0.2676
0
0.1585
V
22
N
23
21
17
D
0.3235
0
0
0.6765
V
23
N
24
22
18
D
0.4865
0
0.3072
0
0.1462
0
0.0601
V
24
N
25
23
19
D
0.004
0
0.002
0.0004
0.9935
0
0.0001
V
25
N
24
20
D
0.9156
0.0844
