i_30_2_20_FR_X
20
X
A
0
1
19
8
A
1
1
12
18
V
1
N
2
6
D
0.1587
0.5241
0.083
0
0.0957
0.1288
0.0097
V
2
N
3
1
7
D
0.2872
0
0
0
0
0.7128
V
3
N
4
2
8
D
0.022
0.0452
0.015
0.0093
0.9049
0.0036
V
4
N
5
3
9
D
0.0313
0
0.0435
0
0.0167
0.6272
0.2813
V
5
N
4
10
D
0.0191
0
0.2959
0
0
0.0062
0.6788
V
6
N
7
11
1
D
0.0269
0
0
0.3175
0.3976
0.1498
0.1082
V
7
N
8
6
12
2
D
0.373
0
0.1453
0.0022
0.0253
0
0.4542
V
8
N
9
7
13
3
D
0.0411
0
0.0222
0.0049
0
0.9308
0.001
V
9
N
10
8
14
4
D
0.0679
0
0.5912
0.0092
0.0007
0.331
V
10
N
9
15
5
D
0.5886
0
0
0
0.4114
V
11
N
12
16
6
D
0.3553
0.0644
0
0.0198
0.2801
0.2804
V
12
N
13
11
17
7
D
0.1685
0
0.4907
0.3408
V
13
N
14
12
18
8
D
0.0021
0.8658
0.0142
0
0
0.0006
0.1173
V
14
N
15
13
19
9
D
0.049
0.1475
0.3727
0
0.43
0
0.0008
V
15
N
14
20
10
D
0.0895
0
0.4734
0.0003
0.0157
0.2293
0.1918
V
16
N
17
21
11
D
0.0855
0.0635
0
0
0.851
V
17
N
18
16
22
12
D
0.0828
0
0
0.8554
0
0.0618
V
18
N
19
17
23
13
D
0.7344
0.0163
0
0.0251
0.2242
V
19
N
20
18
24
14
D
0.9946
0
0
0
0
0.0054
V
20
N
19
25
15
D
0.7186
0
0
0.0693
0.2121
V
21
N
22
26
16
D
0.0628
0.0865
0
0
0.0202
0
0.8305
V
22
N
23
21
27
17
D
0.9504
0
0.0007
0.0028
0
0.004
0.0421
V
23
N
24
22
28
18
D
0.0659
0
0.0338
0
0.3346
0.3647
0.201
V
24
N
25
23
29
19
D
0.2291
0.7709
V
25
N
24
30
20
D
0.4299
0
0
0.5701
V
26
N
27
21
D
0.1756
0.4377
0.029
0
0
0
0.3577
V
27
N
28
26
22
D
0.0328
0.0219
0
0
0.8706
0.0747
V
28
N
29
27
23
D
0.3176
0.0903
0
0
0.304
0.2517
0.0364
V
29
N
30
28
24
D
0.1074
0
0
0.2086
0.6488
0
0.0352
V
30
N
29
25
D
0.6875
0
0
0
0
0.3125
