i_30_2_9_FR_X
9
X
A
0
1
9
8
A
1
1
5
3
V
1
N
2
6
D
0.0246
0.5518
0.0021
0.2348
0.1521
0.0346
V
2
N
3
1
7
D
0.0966
0.3997
0
0.0076
0.4961
V
3
N
4
2
8
D
0.0759
0.0027
0.8256
0
0
0.0336
0.0622
V
4
N
5
3
9
D
0.8385
0
0
0
0
0.1615
V
5
N
4
10
D
0.0151
0
0.1132
0
0.2662
0.6054
0.0001
V
6
N
7
11
1
D
0.0099
0.094
0.0694
0
0.0109
0.6973
0.1185
V
7
N
8
6
12
2
D
0.9125
0.0012
0
0
0
0.0863
V
8
N
9
7
13
3
D
0.0395
0
0.8927
0.0616
0.0062
V
9
N
10
8
14
4
D
0.3034
0.1
0
0.0261
0
0.5326
0.0379
V
10
N
9
15
5
D
0.0008
0
0
0
0.068
0.8674
0.0638
V
11
N
12
16
6
D
0.0562
0.1214
0
0
0
0.5133
0.3091
V
12
N
13
11
17
7
D
0.187
0.3795
0
0
0.0007
0.4328
V
13
N
14
12
18
8
D
0.0763
0.2658
0
0
0.6118
0
0.0461
V
14
N
15
13
19
9
D
0.0225
0
0
0.9775
V
15
N
14
20
10
D
0.2688
0.1734
0.1491
0
0.1027
0
0.306
V
16
N
17
21
11
D
0.6142
0.0002
0.0027
0
0.002
0.3809
V
17
N
18
16
22
12
D
0.3576
0.0085
0.0052
0.0906
0
0.5381
V
18
N
19
17
23
13
D
0.0012
0
0.0577
0.1034
0
0.8349
0.0028
V
19
N
20
18
24
14
D
0.2959
0.0385
0
0
0.0431
0.622
0.0005
V
20
N
19
25
15
D
0.2676
0
0.725
0
0
0
0.0074
V
21
N
22
26
16
D
0.2792
0
0
0.0028
0.0192
0.0807
0.6181
V
22
N
23
21
27
17
D
0.085
0
0.0263
0.0168
0
0.8719
V
23
N
24
22
28
18
D
0.0253
0.5074
0.4283
0.038
0
0
0.001
V
24
N
25
23
29
19
D
0.0312
0
0
0.2455
0.7233
V
25
N
24
30
20
D
0.247
0
0.0094
0.2489
0.4593
0
0.0354
V
26
N
27
21
D
0.0899
0
0
0
0.0539
0.8371
0.0191
V
27
N
28
26
22
D
0.1037
0
0.054
0
0
0.8423
V
28
N
29
27
23
D
0.0307
0.0605
0.1389
0.2963
0.299
0
0.1746
V
29
N
30
28
24
D
0.2832
0
0
0.7168
V
30
N
29
25
D
0.4599
0
0
0
0.2888
0
0.2513
