i_30_2_4_FR_X
4
X
A
0
1
3
3
A
1
1
3
4
V
1
N
2
7
D
0.0888
0.5896
0.0319
0.178
0
0
0.1117
V
2
N
3
1
8
D
0.6991
0
0
0.2955
0
0
0.0054
V
3
N
4
2
9
D
0.4258
0.0123
0.1163
0
0.2899
0.1491
0.0066
V
4
N
5
3
10
D
0.3184
0.1184
0.429
0
0.0835
0.0507
V
5
N
6
4
11
D
0.5687
0
0.2544
0
0
0
0.1769
V
6
N
5
12
D
0.054
0.039
0
0
0
0.1051
0.8019
V
7
N
8
13
1
D
0.1664
0.0139
0
0.2651
0
0.5391
0.0155
V
8
N
9
7
14
2
D
0.7858
0.0045
0
0
0.1863
0.0234
V
9
N
10
8
15
3
D
0.4545
0.1197
0.4258
V
10
N
11
9
16
4
D
0.2856
0
0
0
0
0.7144
V
11
N
12
10
17
5
D
0.0079
0.096
0.1172
0.7743
0
0
0.0046
V
12
N
11
18
6
D
0.5004
0
0.0433
0.0667
0
0.3896
V
13
N
14
19
7
D
0.1524
0
0.6469
0
0.2007
V
14
N
15
13
20
8
D
0.0118
0.1716
0.5595
0
0.2465
0.0106
V
15
N
16
14
21
9
D
0.2724
0
0.0011
0
0.0155
0.0007
0.7103
V
16
N
17
15
22
10
D
0.0527
0.3967
0
0.4207
0
0.1299
V
17
N
18
16
23
11
D
0.7107
0
0.2893
V
18
N
17
24
12
D
0.0324
0.0195
0
0.3129
0
0.2595
0.3757
V
19
N
20
25
13
D
0.2637
0
0
0
0.6112
0
0.1251
V
20
N
21
19
26
14
D
0.0445
0.2762
0
0
0
0.5826
0.0967
V
21
N
22
20
27
15
D
0.0804
0
0.4438
0
0.0659
0.3813
0.0286
V
22
N
23
21
28
16
D
0.4489
0
0
0.3513
0.1222
0.0776
V
23
N
24
22
29
17
D
0.109
0
0.5019
0.1368
0
0.2523
V
24
N
23
30
18
D
0.0725
0.0425
0.1083
0.3717
0
0.2651
0.1399
V
25
N
26
19
D
0.2204
0
0.7796
V
26
N
27
25
20
D
0.1602
0
0
0
0.744
0
0.0958
V
27
N
28
26
21
D
0.7717
0
0.1518
0.0137
0
0.0628
V
28
N
29
27
22
D
0.2371
0.0865
0.4443
0.1776
0.0308
0
0.0237
V
29
N
30
28
23
D
0.9876
0
0.0124
V
30
N
29
24
D
0.6023
0
0
0.0722
0
0.3093
0.0162
