i_30_2_10_FR_X
10
X
A
0
1
8
3
A
1
1
9
8
V
1
N
2
7
D
0.6773
0.3227
V
2
N
3
1
8
D
0.4548
0.2572
0
0
0.288
V
3
N
4
2
9
D
0.6062
0
0.001
0
0.3505
0
0.0423
V
4
N
5
3
10
D
0.4105
0
0
0
0
0
0.5895
V
5
N
6
4
11
D
0.1528
0
0
0.8435
0
0
0.0037
V
6
N
5
12
D
0.064
0.3934
0.0919
0.0135
0
0.275
0.1622
V
7
N
8
13
1
D
0.7621
0
0
0.2379
V
8
N
9
7
14
2
D
0.3702
0.5012
0
0.1205
0
0
0.0081
V
9
N
10
8
15
3
D
0.3839
0.0013
0.0036
0.1974
0.2664
0.0245
0.1229
V
10
N
11
9
16
4
D
0.7108
0
0.2892
V
11
N
12
10
17
5
D
0.7217
0.1377
0.0474
0
0.0932
V
12
N
11
18
6
D
0.5803
0.0955
0
0.257
0.0672
V
13
N
14
19
7
D
0.6445
0
0
0.3555
V
14
N
15
13
20
8
D
0.0012
0.1603
0
0.8106
0.0279
V
15
N
16
14
21
9
D
0.7887
0
0
0
0
0.0645
0.1468
V
16
N
17
15
22
10
D
0.0596
0
0.1088
0
0.193
0.2656
0.373
V
17
N
18
16
23
11
D
0.2122
0
0
0
0.0096
0.7766
0.0016
V
18
N
17
24
12
D
0.8141
0
0
0
0.053
0.0345
0.0984
V
19
N
20
25
13
D
0.8608
0
0
0.1392
V
20
N
21
19
26
14
D
0.7004
0.0029
0.0016
0
0.0331
0.2126
0.0494
V
21
N
22
20
27
15
D
0.2788
0
0.1311
0
0.5901
V
22
N
23
21
28
16
D
0.3543
0
0
0
0
0.6457
V
23
N
24
22
29
17
D
0.1368
0
0
0
0
0.8632
V
24
N
23
30
18
D
0.7048
0
0.1576
0
0
0.1376
V
25
N
26
19
D
0.03
0
0
0
0
0.97
V
26
N
27
25
20
D
0.0005
0.0249
0.0006
0.004
0.0002
0.9698
V
27
N
28
26
21
D
0.218
0
0
0.4727
0.019
0.0717
0.2186
V
28
N
29
27
22
D
0.2411
0.5575
0
0
0.0163
0.0053
0.1798
V
29
N
30
28
23
D
0.5635
0.2116
0
0.2249
V
30
N
29
24
D
0.4133
0
0
0.2223
0
0.3644
