i_32_2_10_FR_X
10
X
A
0
1
7
3
A
1
1
5
6
V
1
N
2
5
D
0.8736
0
0
0.1264
V
2
N
3
1
6
D
0.1419
0.448
0.0066
0
0.3735
0.03
V
3
N
4
2
7
D
0.0957
0
0.3227
0
0.3089
0.0012
0.2715
V
4
N
3
8
D
0.0007
0
0.0385
0.9582
0.0026
V
5
N
6
9
1
D
0.6341
0.0477
0.0153
0.2795
0.0234
V
6
N
7
5
10
2
D
0.4746
0
0.3917
0.0688
0
0.0649
V
7
N
8
6
11
3
D
0.0595
0.0001
0.0002
0.0032
0.9225
0
0.0145
V
8
N
7
12
4
D
0.1035
0.8427
0.0105
0
0
0
0.0433
V
9
N
10
13
5
D
0.3351
0.06
0.402
0
0.1881
0
0.0148
V
10
N
11
9
14
6
D
0.2459
0
0
0.7541
V
11
N
12
10
15
7
D
0.0326
0.0177
0.0529
0.8968
V
12
N
11
16
8
D
0.8561
0
0
0.0706
0
0
0.0733
V
13
N
14
17
9
D
0.5318
0.4682
V
14
N
15
13
18
10
D
0.24
0.0274
0.1551
0.42
0
0.0496
0.1079
V
15
N
16
14
19
11
D
0.2654
0
0.3117
0.0087
0.0284
0.1465
0.2393
V
16
N
15
20
12
D
0.4319
0.4652
0
0.0726
0
0
0.0303
V
17
N
18
21
13
D
0.0446
0.0059
0.9138
0
0.0192
0.0055
0.011
V
18
N
19
17
22
14
D
0.5142
0
0.3304
0
0
0.1554
V
19
N
20
18
23
15
D
0.1688
0.5273
0
0
0.078
0.012
0.2139
V
20
N
19
24
16
D
0.0168
0.67
0
0.2634
0
0
0.0498
V
21
N
22
25
17
D
0.1283
0.5043
0.0895
0
0.1126
0.1653
V
22
N
23
21
26
18
D
0.3421
0
0
0.2167
0.0831
0.3581
V
23
N
24
22
27
19
D
0.4355
0.1234
0.4411
V
24
N
23
28
20
D
0.0557
0
0.9001
0.0442
V
25
N
26
29
21
D
0.3076
0.0062
0.2993
0.3847
0.0022
V
26
N
27
25
30
22
D
0.5805
0.4195
V
27
N
28
26
31
23
D
0.5173
0
0
0
0.1068
0.1165
0.2594
V
28
N
27
32
24
D
0.8398
0
0
0
0.1241
0.0361
V
29
N
30
25
D
0.2782
0.1499
0.3628
0
0
0.2055
0.0036
V
30
N
31
29
26
D
0.1544
0
0.0034
0.028
0.0857
0.7285
V
31
N
32
30
27
D
0.6587
0
0.1122
0.0085
0.2117
0
0.0089
V
32
N
31
28
D
0.3089
0.2227
0
0.0214
0.1649
0.2821
