i_35_2_16_FR_X
16
X
A
0
1
14
6
A
1
1
10
4
V
1
N
2
6
D
0.0299
0
0
0.0261
0.0006
0.8359
0.1075
V
2
N
3
1
7
D
0.0036
0.0085
0.0008
0.9693
0.0178
V
3
N
4
2
8
D
0.0291
0
0
0.0219
0.2438
0.6925
0.0127
V
4
N
5
3
9
D
0.0156
0.1004
0.805
0.0563
0.0108
0.0066
0.0053
V
5
N
4
10
D
0.951
0.0233
0.0003
0
0
0.0197
0.0057
V
6
N
7
11
1
D
0.0575
0.5135
0
0.2944
0
0
0.1346
V
7
N
8
6
12
2
D
0.005
0
0.0161
0
0.0087
0.9691
0.0011
V
8
N
9
7
13
3
D
0.2417
0.0187
0
0
0.4392
0.0016
0.2988
V
9
N
10
8
14
4
D
0.0865
0
0.0037
0.6662
0.0151
0
0.2285
V
10
N
9
15
5
D
0.4628
0.5372
V
11
N
12
16
6
D
0.0861
0
0
0
0.9139
V
12
N
13
11
17
7
D
0.0677
0.0929
0
0
0.4536
0
0.3858
V
13
N
14
12
18
8
D
0.774
0.2163
0
0.0097
V
14
N
15
13
19
9
D
0.2002
0
0.0152
0.0207
0.5878
0.1761
V
15
N
14
20
10
D
0.1777
0
0
0
0.625
0.1973
V
16
N
17
21
11
D
0.3377
0.6623
V
17
N
18
16
22
12
D
0.8547
0.1453
V
18
N
19
17
23
13
D
0.5589
0.0848
0.0029
0
0.0029
0.3505
V
19
N
20
18
24
14
D
0.3427
0
0.1407
0.0018
0.389
0.1258
V
20
N
19
25
15
D
0.0465
0.0771
0
0.1261
0
0
0.7503
V
21
N
22
26
16
D
0.0451
0.4698
0
0.4851
V
22
N
23
21
27
17
D
0.7368
0.0002
0.0161
0.0147
0
0.2315
0.0007
V
23
N
24
22
28
18
D
0.0412
0.0571
0.0189
0
0.0421
0.8407
V
24
N
25
23
29
19
D
0.7635
0
0
0.2128
0
0.0237
V
25
N
24
30
20
D
0.7334
0
0
0.2476
0.019
V
26
N
27
31
21
D
0.3052
0
0.018
0.269
0
0
0.4078
V
27
N
28
26
32
22
D
0.2932
0
0.4899
0.2169
V
28
N
29
27
33
23
D
0.2963
0
0
0
0
0
0.7037
V
29
N
30
28
34
24
D
0.5676
0
0.0265
0
0
0.4059
V
30
N
29
35
25
D
0.1711
0.1011
0
0
0.127
0.6008
V
31
N
32
26
D
0.0566
0
0
0.4079
0.3694
0.0769
0.0892
V
32
N
33
31
27
D
0.1056
0.1741
0
0.0579
0
0
0.6624
V
33
N
34
32
28
D
0.3313
0.6204
0
0.0186
0.0297
V
34
N
35
33
29
D
0.509
0
0.491
V
35
N
34
30
D
0.0693
0
0.042
0
0.1348
0.7539
