i_35_2_20_FR_X
20
X
A
0
1
18
6
A
1
1
14
3
V
1
N
2
8
D
0.4225
0
0
0.5775
V
2
N
3
1
9
D
0.791
0
0.054
0.1487
0
0.0063
V
3
N
4
2
10
D
0.7437
0
0.0351
0.0197
0
0.2015
V
4
N
5
3
11
D
0.3512
0
0.1069
0.059
0.1772
0
0.3057
V
5
N
6
4
12
D
0.0751
0
0.0368
0.3052
0.1516
0.4313
V
6
N
7
5
13
D
0.6432
0
0.2393
0
0.0733
0.0386
0.0056
V
7
N
6
14
D
0.0633
0
0
0.2123
0
0.7148
0.0096
V
8
N
9
15
1
D
0.2777
0
0
0.7223
V
9
N
10
8
16
2
D
0.0462
0.0041
0.0123
0.8239
0.0156
0
0.0979
V
10
N
11
9
17
3
D
0.5663
0
0.2107
0.1462
0
0.0768
V
11
N
12
10
18
4
D
0.3468
0
0.6289
0.0243
V
12
N
13
11
19
5
D
0.9206
0
0.0455
0
0.0073
0.0011
0.0255
V
13
N
14
12
20
6
D
0.0275
0.2031
0.01
0.1788
0.512
0
0.0686
V
14
N
13
21
7
D
0.4795
0.5205
V
15
N
16
22
8
D
0.2117
0.7883
V
16
N
17
15
23
9
D
0.5752
0.4248
V
17
N
18
16
24
10
D
0.9024
0.0976
V
18
N
19
17
25
11
D
0.2951
0.2198
0
0.4832
0
0.0019
V
19
N
20
18
26
12
D
0.0412
0.1866
0.055
0.0057
0
0.7089
0.0026
V
20
N
21
19
27
13
D
0.7296
0.1818
0.0267
0
0.0098
0.0243
0.0278
V
21
N
20
28
14
D
0.5361
0.0151
0.4383
0
0
0.0105
V
22
N
23
29
15
D
0.0961
0
0.0043
0
0.8789
0
0.0207
V
23
N
24
22
30
16
D
0.0082
0
0
0
0.9621
0
0.0297
V
24
N
25
23
31
17
D
0.9588
0.0412
V
25
N
26
24
32
18
D
0.2221
0.0556
0.5268
0.0456
0.1499
V
26
N
27
25
33
19
D
0.7937
0.2063
V
27
N
28
26
34
20
D
0.4338
0.5662
V
28
N
27
35
21
D
0.0484
0
0.7101
0.2415
V
29
N
30
22
D
0.0071
0
0
0.9798
0
0
0.0131
V
30
N
31
29
23
D
0.031
0
0
0.6271
0
0.3419
V
31
N
32
30
24
D
0.1579
0.4958
0
0
0
0
0.3463
V
32
N
33
31
25
D
0.1925
0.0024
0
0.1375
0.0332
0.6344
V
33
N
34
32
26
D
0.2882
0
0
0
0
0
0.7118
V
34
N
35
33
27
D
0.0916
0
0.0025
0
0.9059
V
35
N
34
28
D
0.7231
0.0444
0
0
0
0
0.2325
