i_36_2_5_FR_X
5
X
A
0
1
3
4
A
1
1
5
5
V
1
N
2
7
D
0.0353
0
0.0071
0.0049
0.1689
0.0043
0.7795
V
2
N
3
1
8
D
0.5702
0
0
0
0
0.1653
0.2645
V
3
N
4
2
9
D
0.007
0.9923
0
0.0007
V
4
N
5
3
10
D
0.8474
0
0
0.1011
0.0515
V
5
N
6
4
11
D
0.0191
0.0244
0
0.0182
0.9383
V
6
N
5
12
D
0.0403
0
0.0273
0
0.3215
0.4943
0.1166
V
7
N
8
13
1
D
0.4656
0.1505
0
0
0.3239
0.06
V
8
N
9
7
14
2
D
0.3973
0
0.0584
0.2693
0
0.0127
0.2623
V
9
N
10
8
15
3
D
0.3587
0.0804
0.1743
0
0.2263
0.1603
V
10
N
11
9
16
4
D
0.7773
0
0
0.2227
V
11
N
12
10
17
5
D
0.3671
0.2986
0.0974
0.0031
0.2338
V
12
N
11
18
6
D
0.5096
0
0
0.0422
0.4329
0
0.0153
V
13
N
14
19
7
D
0.2939
0.1354
0
0.2919
0.1337
0.1451
V
14
N
15
13
20
8
D
0.1665
0
0
0.3564
0.4557
0.0214
V
15
N
16
14
21
9
D
0.0487
0.0023
0.4484
0
0.1527
0.0061
0.3418
V
16
N
17
15
22
10
D
0.4231
0.1406
0
0.0087
0.0912
0
0.3364
V
17
N
18
16
23
11
D
0.9982
0.0
0.0001
0
0.0016
0.0001
V
18
N
17
24
12
D
0.6921
0
0
0.3079
V
19
N
20
25
13
D
0.0328
0.7728
0
0.0605
0.0043
0
0.1296
V
20
N
21
19
26
14
D
0.4633
0
0
0
0.2405
0.1773
0.1189
V
21
N
22
20
27
15
D
0.0011
0.2097
0
0.3335
0.4085
0.0471
0.0001
V
22
N
23
21
28
16
D
0.0021
0.2473
0.2308
0
0.1863
0.078
0.2555
V
23
N
24
22
29
17
D
0.4692
0
0.2876
0
0
0
0.2432
V
24
N
23
30
18
D
0.3101
0
0.4686
0
0.1759
0.0064
0.039
V
25
N
26
31
19
D
0.3892
0.0024
0
0.5986
0.0022
0
0.0076
V
26
N
27
25
32
20
D
0.0159
0.1073
0.0433
0.7681
0.0324
0
0.033
V
27
N
28
26
33
21
D
0.0331
0
0
0
0.0001
0.0003
0.9665
V
28
N
29
27
34
22
D
0.9418
0
0.0241
0.0124
0
0.0217
V
29
N
30
28
35
23
D
0.5356
0.3856
0
0.0445
0
0
0.0343
V
30
N
29
36
24
D
0.2441
0.0624
0.5733
0.1088
0
0
0.0114
V
31
N
32
25
D
0.7879
0
0
0
0
0
0.2121
V
32
N
33
31
26
D
0.5475
0
0.4525
V
33
N
34
32
27
D
0.3619
0
0
0
0.1713
0
0.4668
V
34
N
35
33
28
D
0.0386
0.0135
0
0
0
0.8617
0.0862
V
35
N
36
34
29
D
0.3163
0.0028
0.6719
0
0
0
0.009
V
36
N
35
30
D
0.1733
0.8267
