i_36_2_7_FR_X
7
X
A
0
1
4
4
A
1
1
4
5
V
1
N
2
7
D
0.1069
0.7692
0
0.1239
V
2
N
3
1
8
D
0.1802
0
0.0175
0
0.7998
0.0025
V
3
N
4
2
9
D
0.0596
0.0273
0
0
0
0.6041
0.309
V
4
N
5
3
10
D
0.2355
0.0893
0
0.6752
V
5
N
6
4
11
D
0.4169
0.174
0.0055
0.3991
0.003
0.0015
V
6
N
5
12
D
0.2216
0
0
0
0
0.0915
0.6869
V
7
N
8
13
1
D
0.7457
0
0.1661
0.0065
0.0817
V
8
N
9
7
14
2
D
0.0366
0.0049
0
0.0273
0.5309
0.4003
V
9
N
10
8
15
3
D
0.1706
0.0595
0
0.1092
0.6607
V
10
N
11
9
16
4
D
0.3472
0
0
0
0.4667
0
0.1861
V
11
N
12
10
17
5
D
0.1149
0.279
0
0.2944
0.3117
V
12
N
11
18
6
D
0.0242
0.1155
0.4397
0.3431
0
0.0737
0.0038
V
13
N
14
19
7
D
0.1519
0
0
0
0.8481
V
14
N
15
13
20
8
D
0.1154
0.6533
0
0.2271
0
0.0042
V
15
N
16
14
21
9
D
0.0143
0
0.9353
0.021
0.0294
V
16
N
17
15
22
10
D
0.1408
0.1855
0.3854
0
0
0.0127
0.2756
V
17
N
18
16
23
11
D
0.5561
0.1999
0
0
0.2222
0.0173
0.0045
V
18
N
17
24
12
D
0.3135
0.3513
0.2865
0
0
0
0.0487
V
19
N
20
25
13
D
0.8052
0.0635
0.0855
0.0458
V
20
N
21
19
26
14
D
0.0712
0
0
0.0185
0.0827
0
0.8276
V
21
N
22
20
27
15
D
0.6968
0
0
0
0
0.2164
0.0868
V
22
N
23
21
28
16
D
0.024
0
0.6437
0
0.056
0.2763
V
23
N
24
22
29
17
D
0.0256
0.0108
0
0.0282
0.4766
0.4588
V
24
N
23
30
18
D
0.0618
0.1757
0.0187
0
0
0.6907
0.0531
V
25
N
26
31
19
D
0.0004
0
0.3474
0.3513
0.253
0.0444
0.0035
V
26
N
27
25
32
20
D
0.0956
0.0022
0
0
0
0.9022
V
27
N
28
26
33
21
D
0.4827
0
0
0
0.0099
0.3126
0.1948
V
28
N
29
27
34
22
D
0.6082
0.2818
0.0253
0
0.0847
V
29
N
30
28
35
23
D
0.2889
0.2434
0.005
0.4627
V
30
N
29
36
24
D
0.07
0.3688
0.0196
0.3409
0.0642
0.1365
V
31
N
32
25
D
0.1151
0.0023
0.0593
0.4442
0
0
0.3791
V
32
N
33
31
26
D
0.0215
0.0146
0.0184
0.9455
V
33
N
34
32
27
D
0.026
0
0.6154
0.0398
0
0.0038
0.315
V
34
N
35
33
28
D
0.5077
0.1245
0.1361
0
0
0
0.2317
V
35
N
36
34
29
D
0.0037
0
0.1309
0.6091
0.2549
0.0014
V
36
N
35
30
D
0.5098
0.201
0
0
0.2863
0.0029
