i_40_2_14_FR_X
14
X
A
0
1
14
9
A
1
1
11
9
V
1
N
2
6
D
0.5111
0
0
0
0.1981
0.2908
V
2
N
3
1
7
D
0.5068
0
0.3763
0.1091
0.0078
V
3
N
4
2
8
D
0.2149
0.013
0.1775
0
0
0.5946
V
4
N
5
3
9
D
0.4646
0.0209
0
0
0.5142
0.0003
V
5
N
4
10
D
0.0891
0.092
0.4662
0
0
0
0.3527
V
6
N
7
11
1
D
0.3899
0
0.2366
0.0375
0.0121
0.0889
0.235
V
7
N
8
6
12
2
D
0.4214
0
0
0.0867
0
0.4093
0.0826
V
8
N
9
7
13
3
D
0.4823
0
0.3907
0
0.009
0.0332
0.0848
V
9
N
10
8
14
4
D
0.5436
0
0
0
0.4564
V
10
N
9
15
5
D
0.0963
0
0.1943
0
0
0
0.7094
V
11
N
12
16
6
D
0.0006
0
0.0212
0
0.7328
0
0.2454
V
12
N
13
11
17
7
D
0.1703
0
0.0301
0
0.2745
0.5251
V
13
N
14
12
18
8
D
0.6178
0.0586
0.1068
0
0
0
0.2168
V
14
N
15
13
19
9
D
0.0234
0.1152
0.1157
0
0
0.7457
V
15
N
14
20
10
D
0.2021
0
0.2187
0.4817
0.0671
0
0.0304
V
16
N
17
21
11
D
0.1558
0
0.5718
0.2724
V
17
N
18
16
22
12
D
0.0089
0.0752
0.3815
0.2057
0.3245
0.0042
V
18
N
19
17
23
13
D
0.0667
0
0.2633
0.2277
0.1441
0
0.2982
V
19
N
20
18
24
14
D
0.3216
0
0.2529
0
0
0.4255
V
20
N
19
25
15
D
0.2706
0
0.4957
0
0.2337
V
21
N
22
26
16
D
0.458
0
0
0
0.0073
0.0024
0.5323
V
22
N
23
21
27
17
D
0.7204
0.0471
0.1548
0.045
0.0327
V
23
N
24
22
28
18
D
0.1324
0.2135
0.5806
0.0079
0
0.0224
0.0432
V
24
N
25
23
29
19
D
0.2642
0.2423
0.3317
0
0.1618
V
25
N
24
30
20
D
0.1163
0.8169
0.0668
V
26
N
27
31
21
D
0.1055
0
0.2479
0
0.1308
0.0249
0.4909
V
27
N
28
26
32
22
D
0.4617
0
0.1211
0.0282
0.0053
0
0.3837
V
28
N
29
27
33
23
D
0.1506
0.3933
0.2043
0.0869
0.032
0.0052
0.1277
V
29
N
30
28
34
24
D
0.117
0.3056
0
0.0045
0.1992
0.3737
V
30
N
29
35
25
D
0.2792
0
0.2859
0.0883
0.2052
0.0503
0.0911
V
31
N
32
36
26
D
0.6758
0.3242
V
32
N
33
31
37
27
D
0.8195
0
0
0
0
0
0.1805
V
33
N
34
32
38
28
D
0.1121
0.0071
0.0798
0.6233
0
0.1777
V
34
N
35
33
39
29
D
0.2649
0.374
0.0242
0.278
0.0044
0
0.0545
V
35
N
34
40
30
D
0.4409
0
0.2305
0
0.1159
0.2127
V
36
N
37
31
D
0.5012
0
0
0
0.4988
V
37
N
38
36
32
D
0.0136
0
0
0
0
0.5509
0.4355
V
38
N
39
37
33
D
0.0512
0
0.0076
0
0
0.6274
0.3138
V
39
N
40
38
34
D
0.1881
0.5086
0.1117
0
0.0128
0
0.1788
V
40
N
39
35
D
0.7205
0.2795
