i_40_2_11_FR_X
11
X
A
0
1
9
6
A
1
1
11
5
V
1
N
2
6
D
0.0637
0.24
0.0011
0.3631
0.0732
0.2589
V
2
N
3
1
7
D
0.2089
0
0.7402
0.0022
0
0.0086
0.0401
V
3
N
4
2
8
D
0.1633
0.7209
0.0013
0
0.0277
0.0173
0.0695
V
4
N
5
3
9
D
0.2865
0.0476
0
0
0
0.6659
V
5
N
4
10
D
0.8204
0
0
0.1796
V
6
N
7
11
1
D
0.8112
0
0.0743
0.0243
0
0
0.0902
V
7
N
8
6
12
2
D
0.2137
0.1209
0.0017
0
0
0.6416
0.0221
V
8
N
9
7
13
3
D
0.0685
0.1489
0.0744
0.0343
0
0.0002
0.6737
V
9
N
10
8
14
4
D
0.5377
0
0.17
0.2923
V
10
N
9
15
5
D
0.0524
0.387
0.4927
0.0206
0
0.0473
V
11
N
12
16
6
D
0.4661
0
0
0.0035
0
0.0017
0.5287
V
12
N
13
11
17
7
D
0.4869
0
0
0
0.5131
V
13
N
14
12
18
8
D
0.168
0
0
0.832
V
14
N
15
13
19
9
D
0.0679
0.8488
0
0
0.004
0.0793
V
15
N
14
20
10
D
0.0095
0.0052
0.8344
0
0.1478
0
0.0031
V
16
N
17
21
11
D
0.1308
0
0
0.8692
V
17
N
18
16
22
12
D
0.3604
0.0686
0
0.3296
0
0
0.2414
V
18
N
19
17
23
13
D
0.4112
0
0.1876
0.2939
0.0517
0.0556
V
19
N
20
18
24
14
D
0.149
0
0.4192
0
0.3074
0.1244
V
20
N
19
25
15
D
0.2244
0.0314
0.3307
0
0.0267
0.3868
V
21
N
22
26
16
D
0.4886
0.3377
0
0
0
0
0.1737
V
22
N
23
21
27
17
D
0.355
0
0.047
0
0.1186
0
0.4794
V
23
N
24
22
28
18
D
0.1644
0.2777
0.5365
0.0214
V
24
N
25
23
29
19
D
0.3963
0
0.4178
0.0245
0.0035
0.1347
0.0232
V
25
N
24
30
20
D
0.3022
0.1084
0.2043
0
0.3587
0.0028
0.0236
V
26
N
27
31
21
D
0.2473
0
0.0284
0.4734
0.2251
0
0.0258
V
27
N
28
26
32
22
D
0.0121
0.0057
0.0203
0
0.2215
0.0278
0.7126
V
28
N
29
27
33
23
D
0.3335
0
0
0
0
0.6665
V
29
N
30
28
34
24
D
0.0043
0.1573
0
0
0.056
0.7583
0.0241
V
30
N
29
35
25
D
0.3525
0
0.4318
0
0.1079
0.1078
V
31
N
32
36
26
D
0.4835
0
0
0
0
0.5165
V
32
N
33
31
37
27
D
0.0159
0
0.1567
0.6115
0.0079
0.0734
0.1346
V
33
N
34
32
38
28
D
0.3064
0.2182
0.4319
0.0378
0.0057
V
34
N
35
33
39
29
D
0.0289
0.8995
0.0011
0
0
0.0257
0.0448
V
35
N
34
40
30
D
0.3949
0
0
0
0
0.6051
V
36
N
37
31
D
0.7207
0
0.2793
V
37
N
38
36
32
D
0.7814
0
0.0309
0.1683
0
0.0163
0.0031
V
38
N
39
37
33
D
0.4547
0
0.2268
0.0702
0.0018
0.2166
0.0299
V
39
N
40
38
34
D
0.4152
0
0
0
0.4742
0.1106
V
40
N
39
35
D
0.1709
0.1653
0
0
0
0
0.6638
