i_40_1_6_FR_X
6
X
A
0
1
5
3
V
1
N
2
9
D
0.5979
0
0
0
0.2144
0.1329
0.0548
V
2
N
3
1
10
D
0.0673
0
0.2933
0.0026
0.0082
0
0.6286
V
3
N
4
2
11
D
0.9124
0.018
0.0243
0
0.0453
V
4
N
5
3
12
D
0.4532
0
0
0.025
0.0833
0.1679
0.2706
V
5
N
6
4
13
D
0.4465
0
0
0
0
0.4597
0.0938
V
6
N
7
5
14
D
0.0079
0
0
0
0.0199
0
0.9722
V
7
N
8
6
15
D
0.7647
0
0
0
0
0.2353
V
8
N
7
16
D
0.023
0
0
0
0.011
0.6262
0.3398
V
9
N
10
17
1
D
0.0487
0.1583
0.103
0
0.69
V
10
N
11
9
18
2
D
0.1579
0.5338
0.0372
0.2711
V
11
N
12
10
19
3
D
0.0788
0.0151
0
0
0.3511
0.3643
0.1907
V
12
N
13
11
20
4
D
0.1147
0
0
0.4756
0
0
0.4097
V
13
N
14
12
21
5
D
0.6386
0
0
0
0.0753
0.2861
V
14
N
15
13
22
6
D
0.0181
0.1645
0.0455
0.0344
0
0.6214
0.1161
V
15
N
16
14
23
7
D
0.1019
0.2645
0.309
0.1145
0.2101
V
16
N
15
24
8
D
0.0695
0.025
0
0.6691
0.2356
0
0.0008
V
17
N
18
25
9
D
0.0202
0
0.5088
0
0
0.0104
0.4606
V
18
N
19
17
26
10
D
0.32
0
0.0716
0.0032
0
0.6052
V
19
N
20
18
27
11
D
0.4541
0
0
0.2935
0
0
0.2524
V
20
N
21
19
28
12
D
0.0037
0.0034
0.0072
0.9841
0
0
0.0016
V
21
N
22
20
29
13
D
0.3825
0.5627
0
0
0
0
0.0548
V
22
N
23
21
30
14
D
0.6355
0
0
0
0.3645
V
23
N
24
22
31
15
D
0.4267
0
0
0.034
0.5393
V
24
N
23
32
16
D
0.5139
0.0011
0.0022
0.47
0
0
0.0128
V
25
N
26
33
17
D
0.2788
0
0.0091
0.5931
0
0.1131
0.0059
V
26
N
27
25
34
18
D
0.0665
0
0
0.9335
V
27
N
28
26
35
19
D
0.4783
0
0
0
0
0.5217
V
28
N
29
27
36
20
D
0.5917
0.1981
0
0
0.2102
V
29
N
30
28
37
21
D
0.2898
0
0
0
0
0
0.7102
V
30
N
31
29
38
22
D
0.019
0
0
0
0.1365
0.0188
0.8257
V
31
N
32
30
39
23
D
0.2001
0.1674
0
0
0
0.4854
0.1471
V
32
N
31
40
24
D
0.1141
0
0
0
0.0495
0.8364
V
33
N
34
25
D
0.6973
0
0
0
0.3027
V
34
N
35
33
26
D
0.0014
0.9855
0.0036
0.0034
0.0053
0.0008
V
35
N
36
34
27
D
0.1644
0
0.053
0.3267
0.0824
0.3272
0.0463
V
36
N
37
35
28
D
0.401
0.599
V
37
N
38
36
29
D
0.0153
0
0.4328
0
0.5032
0.0487
V
38
N
39
37
30
D
0.006
0.0131
0.6024
0.0567
0.2959
0.0003
0.0256
V
39
N
40
38
31
D
0.3838
0.558
0
0.0281
0.0301
V
40
N
39
32
D
0.0081
0.9896
0
0
0
0
0.0023
