i_42_2_14_FR_X
14
X
A
0
1
7
8
A
1
1
10
14
V
1
N
2
7
D
0.5762
0
0
0
0
0.2616
0.1622
V
2
N
3
1
8
D
0.043
0
0
0.4162
0.3159
0.1987
0.0262
V
3
N
4
2
9
D
0.9692
0.0001
0.0006
0.0039
0
0.0065
0.0197
V
4
N
5
3
10
D
0.3405
0.2765
0.0768
0.1955
0
0.0678
0.0429
V
5
N
6
4
11
D
0.3162
0.0071
0
0.1779
0
0
0.4988
V
6
N
5
12
D
0.8085
0
0.1657
0
0.0003
0.0255
V
7
N
8
13
1
D
0.1759
0
0.6373
0
0.1868
V
8
N
9
7
14
2
D
0.431
0
0.0659
0
0
0
0.5031
V
9
N
10
8
15
3
D
0.1057
0.0091
0.0066
0.5301
0
0.232
0.1165
V
10
N
11
9
16
4
D
0.1548
0
0.0662
0.779
V
11
N
12
10
17
5
D
0.4436
0
0
0.5045
0
0.0519
V
12
N
11
18
6
D
0.0382
0.2332
0
0.0828
0.0487
0.0087
0.5884
V
13
N
14
19
7
D
0.1893
0
0.6035
0.015
0
0.1922
V
14
N
15
13
20
8
D
0.0045
0
0.0121
0.0032
0.97
0
0.0102
V
15
N
16
14
21
9
D
0.0422
0
0
0
0
0.9578
V
16
N
17
15
22
10
D
0.0736
0
0.078
0.0589
0
0.162
0.6275
V
17
N
18
16
23
11
D
0.9923
0
0.0077
V
18
N
17
24
12
D
0.8242
0.1141
0
0
0
0.0617
V
19
N
20
25
13
D
0.4582
0
0.5246
0
0
0.0172
V
20
N
21
19
26
14
D
0.1705
0.5743
0
0.0518
0
0
0.2034
V
21
N
22
20
27
15
D
0.75
0.071
0.0148
0
0
0
0.1642
V
22
N
23
21
28
16
D
0.8109
0.188
0.0006
0
0
0
0.0005
V
23
N
24
22
29
17
D
0.0352
0.3722
0
0.447
0
0
0.1456
V
24
N
23
30
18
D
0.228
0
0.7383
0
0.0337
V
25
N
26
31
19
D
0.0834
0
0
0
0.6036
0
0.313
V
26
N
27
25
32
20
D
0.5503
0.0849
0
0.2415
0.0238
0.0995
V
27
N
28
26
33
21
D
0.4598
0.2123
0.3279
V
28
N
29
27
34
22
D
0.0283
0
0.8433
0
0.1284
V
29
N
30
28
35
23
D
0.3049
0
0.0367
0.2267
0
0
0.4317
V
30
N
29
36
24
D
0.6575
0.0898
0
0
0.0156
0.2371
V
31
N
32
37
25
D
0.0361
0
0.392
0.118
0.4539
V
32
N
33
31
38
26
D
0.0355
0
0.0595
0
0.8993
0
0.0057
V
33
N
34
32
39
27
D
0.7276
0
0.0975
0
0
0.1749
V
34
N
35
33
40
28
D
0.0297
0.0026
0
0.1881
0
0.1386
0.641
V
35
N
36
34
41
29
D
0.1107
0.1208
0.1194
0.3512
0
0
0.2979
V
36
N
35
42
30
D
0.0047
0
0.0904
0.1174
0.7331
0
0.0544
V
37
N
38
31
D
0.2853
0.5915
0
0
0.0198
0
0.1034
V
38
N
39
37
32
D
0.8521
0
0
0
0
0
0.1479
V
39
N
40
38
33
D
0.9204
0.0556
0
0.024
V
40
N
41
39
34
D
0.0195
0.085
0
0.005
0.165
0
0.7255
V
41
N
42
40
35
D
0.5493
0
0
0.4507
V
42
N
41
36
D
0.1575
0.0636
0
0
0.058
0
0.7209
