i_42_2_12_FR_X
12
X
A
0
1
10
3
A
1
1
7
3
V
1
N
2
7
D
0.3178
0
0
0
0.3348
0
0.3474
V
2
N
3
1
8
D
0.6196
0
0
0.3372
0
0.0432
V
3
N
4
2
9
D
0.7864
0
0
0
0.2136
V
4
N
5
3
10
D
0.0066
0
0.0966
0.8505
0
0.0062
0.0401
V
5
N
6
4
11
D
0.4094
0
0.1073
0
0
0.1785
0.3048
V
6
N
5
12
D
0.1453
0.0747
0.78
V
7
N
8
13
1
D
0.1717
0
0
0
0
0
0.8283
V
8
N
9
7
14
2
D
0.4269
0.5731
V
9
N
10
8
15
3
D
0.5511
0
0
0.4489
V
10
N
11
9
16
4
D
0.2019
0.2011
0.0255
0
0
0.502
0.0695
V
11
N
12
10
17
5
D
0.6509
0.0053
0.0198
0
0.3121
0.0119
V
12
N
11
18
6
D
0.0026
0.0202
0.027
0.9044
0.0455
0.0003
V
13
N
14
19
7
D
0.018
0.0147
0.0105
0.9504
0
0.0064
V
14
N
15
13
20
8
D
0.0185
0
0
0
0.7137
0.1107
0.1571
V
15
N
16
14
21
9
D
0.3038
0.2325
0
0.0446
0.0102
0.4089
V
16
N
17
15
22
10
D
0.0385
0.0264
0
0
0.8379
0
0.0972
V
17
N
18
16
23
11
D
0.509
0.2966
0.1944
V
18
N
17
24
12
D
0.409
0.591
V
19
N
20
25
13
D
0.1165
0.0186
0.0077
0
0
0.8572
V
20
N
21
19
26
14
D
0.5046
0
0
0
0
0.4954
V
21
N
22
20
27
15
D
0.3786
0
0.6214
V
22
N
23
21
28
16
D
0.1071
0.8551
0
0.0261
0
0
0.0117
V
23
N
24
22
29
17
D
0.456
0.3809
0.0652
0.0979
V
24
N
23
30
18
D
0.496
0
0
0.1873
0
0.3167
V
25
N
26
31
19
D
0.007
0
0
0
0.9816
0.0032
0.0082
V
26
N
27
25
32
20
D
0.3229
0
0.0625
0.3748
0
0
0.2398
V
27
N
28
26
33
21
D
0.7593
0
0.2382
0.0025
V
28
N
29
27
34
22
D
0.0001
0.0776
0
0.3579
0.0293
0.5333
0.0018
V
29
N
30
28
35
23
D
0.249
0.751
V
30
N
29
36
24
D
0.5021
0.1274
0.0107
0
0.1963
0.1635
V
31
N
32
37
25
D
0.738
0.0058
0
0.0294
0.0317
0.1951
V
32
N
33
31
38
26
D
0.4767
0
0.0422
0
0
0.2086
0.2725
V
33
N
34
32
39
27
D
0.8806
0
0.1194
V
34
N
35
33
40
28
D
0.1001
0
0.4244
0
0
0
0.4755
V
35
N
36
34
41
29
D
0.0582
0
0.9239
0
0
0
0.0179
V
36
N
35
42
30
D
0.798
0
0
0
0
0.202
V
37
N
38
31
D
0.0816
0.4994
0
0.418
0
0
0.001
V
38
N
39
37
32
D
0.451
0
0
0.0011
0.2097
0
0.3382
V
39
N
40
38
33
D
0.6975
0
0
0
0.3025
V
40
N
41
39
34
D
0.6696
0.3304
V
41
N
42
40
35
D
0.044
0.2284
0
0.3846
0.2361
0.0189
0.088
V
42
N
41
36
D
0.9463
0
0
0.0537
