i_42_2_9_FR_X
9
X
A
0
1
4
6
A
1
1
5
5
V
1
N
2
7
D
0.1233
0.4379
0
0
0.1188
0.32
V
2
N
3
1
8
D
0.3366
0.0599
0.0047
0.0882
0.5106
V
3
N
4
2
9
D
0.1801
0.0013
0.4671
0
0.1193
0.0007
0.2315
V
4
N
5
3
10
D
0.228
0
0.0052
0.1125
0.0541
0.0004
0.5998
V
5
N
6
4
11
D
0.0479
0.003
0
0.0074
0.9344
0
0.0073
V
6
N
5
12
D
0.3459
0.0223
0
0.1383
0
0.4935
V
7
N
8
13
1
D
0.092
0.0396
0.8341
0.0092
0.0251
V
8
N
9
7
14
2
D
0.3694
0
0.0133
0.2404
0.2854
0
0.0915
V
9
N
10
8
15
3
D
0.2655
0
0.001
0.3207
0.1518
0.261
V
10
N
11
9
16
4
D
0.7453
0.2547
V
11
N
12
10
17
5
D
0.0115
0
0
0.3703
0.6182
V
12
N
11
18
6
D
0.1468
0.3884
0
0.2694
0
0.1556
0.0398
V
13
N
14
19
7
D
0.0732
0.2385
0.3018
0.2879
0
0.0625
0.0361
V
14
N
15
13
20
8
D
0.3488
0
0
0
0
0
0.6512
V
15
N
16
14
21
9
D
0.6922
0
0.1345
0.0209
0.1524
V
16
N
17
15
22
10
D
0.1583
0
0.1551
0.0009
0.6857
V
17
N
18
16
23
11
D
0.9545
0.0018
0.0371
0
0.0052
0.0014
V
18
N
17
24
12
D
0.0324
0.2147
0.1524
0.5077
0.0096
0
0.0832
V
19
N
20
25
13
D
0.3694
0.2968
0
0.3338
V
20
N
21
19
26
14
D
0.3747
0
0.6253
V
21
N
22
20
27
15
D
0.1342
0
0.016
0
0
0
0.8498
V
22
N
23
21
28
16
D
0.5964
0
0
0.4036
V
23
N
24
22
29
17
D
0.1707
0.2875
0.0184
0
0.4758
0.0476
V
24
N
23
30
18
D
0.3735
0.0093
0
0
0.0687
0
0.5485
V
25
N
26
31
19
D
0.0814
0.5925
0
0.2075
0
0
0.1186
V
26
N
27
25
32
20
D
0.2317
0
0.3093
0
0.3172
0.1078
0.034
V
27
N
28
26
33
21
D
0.0464
0.6125
0.2019
0.1392
V
28
N
29
27
34
22
D
0.0005
0.0025
0.5063
0.0001
0.4906
V
29
N
30
28
35
23
D
0.6521
0.2665
0.0702
0.0038
0
0.0074
V
30
N
29
36
24
D
0.1921
0.1703
0
0.0293
0.4564
0.1155
0.0364
V
31
N
32
37
25
D
0.1688
0
0.7786
0
0
0.0526
V
32
N
33
31
38
26
D
0.8914
0
0.1086
V
33
N
34
32
39
27
D
0.0981
0
0
0
0
0
0.9019
V
34
N
35
33
40
28
D
0.3183
0.023
0.5098
0.0609
0
0.088
V
35
N
36
34
41
29
D
0.1411
0
0
0.1085
0
0.3767
0.3737
V
36
N
35
42
30
D
0.9845
0.0065
0.0036
0
0
0.0012
0.0042
V
37
N
38
31
D
0.7446
0
0
0.0227
0.2327
V
38
N
39
37
32
D
0.4682
0.0762
0.0133
0.3543
0.0525
0.0355
V
39
N
40
38
33
D
0.4019
0.0773
0
0.3996
0.0521
0
0.0691
V
40
N
41
39
34
D
0.0705
0.1233
0.0367
0.4421
0
0.1872
0.1402
V
41
N
42
40
35
D
0.4459
0
0
0
0
0
0.5541
V
42
N
41
36
D
0.7291
0
0
0.0264
0.1289
0
0.1156
