i_42_2_10_FR_X
10
X
A
0
1
5
3
A
1
1
9
10
V
1
N
2
7
D
0.9039
0
0
0
0.0961
V
2
N
3
1
8
D
0.8223
0
0
0.1777
V
3
N
4
2
9
D
0.1435
0
0
0
0
0.0035
0.853
V
4
N
5
3
10
D
0.9957
0
0
0
0
0.0043
V
5
N
6
4
11
D
0.1343
0.0059
0
0
0.0362
0
0.8236
V
6
N
5
12
D
0.6461
0
0
0
0.3539
V
7
N
8
13
1
D
0.1864
0
0
0.8136
V
8
N
9
7
14
2
D
0.0657
0
0
0
0
0.9343
V
9
N
10
8
15
3
D
0.0719
0.0662
0.0132
0.0596
0.4523
0.3368
V
10
N
11
9
16
4
D
0.671
0
0
0
0
0.329
V
11
N
12
10
17
5
D
0.0824
0.2111
0
0
0.1826
0
0.5239
V
12
N
11
18
6
D
0.0137
0.5246
0.1672
0.0036
0
0.2819
0.009
V
13
N
14
19
7
D
0.0113
0.0485
0.8267
0.0637
0.0361
0.0042
0.0095
V
14
N
15
13
20
8
D
0.6953
0.1196
0
0
0.1851
V
15
N
16
14
21
9
D
0.0097
0
0.0845
0.5944
0.234
0.0774
V
16
N
17
15
22
10
D
0.1656
0.3136
0
0
0
0.5208
V
17
N
18
16
23
11
D
0.0118
0.0662
0.0415
0
0.8805
V
18
N
17
24
12
D
0.4325
0
0
0
0.5675
V
19
N
20
25
13
D
0.1956
0.0544
0
0.5323
0.0082
0
0.2095
V
20
N
21
19
26
14
D
0.325
0
0.0976
0.0909
0.0059
0
0.4806
V
21
N
22
20
27
15
D
0.1043
0.2685
0
0.2141
0.0894
0.3237
V
22
N
23
21
28
16
D
0.4412
0
0
0.4422
0
0
0.1166
V
23
N
24
22
29
17
D
0.6696
0.0854
0
0
0.0008
0.2413
0.0029
V
24
N
23
30
18
D
0.5145
0.1107
0
0
0.2858
0.0269
0.0621
V
25
N
26
31
19
D
0.4713
0.0447
0
0.1088
0
0
0.3752
V
26
N
27
25
32
20
D
0.4065
0.134
0
0.0141
0.4247
0.0207
V
27
N
28
26
33
21
D
0.0736
0.0793
0
0
0
0
0.8471
V
28
N
29
27
34
22
D
0.3959
0
0.3983
0.0151
0
0.0674
0.1233
V
29
N
30
28
35
23
D
0.067
0.7269
0.0962
0
0
0
0.1099
V
30
N
29
36
24
D
0.0005
0.0376
0
0
0
0.9619
V
31
N
32
37
25
D
0.1225
0.247
0.4432
0.1448
0.0425
V
32
N
33
31
38
26
D
0.2862
0
0
0.3058
0.0806
0.3274
V
33
N
34
32
39
27
D
0.6279
0.0148
0.3279
0.0015
0.0233
0.0046
V
34
N
35
33
40
28
D
0.719
0.1988
0
0.0822
V
35
N
36
34
41
29
D
0.298
0
0.702
V
36
N
35
42
30
D
0.151
0
0
0
0
0.2108
0.6382
V
37
N
38
31
D
0.2399
0.0144
0.0068
0
0.5897
0.1492
V
38
N
39
37
32
D
0.4352
0
0.5648
V
39
N
40
38
33
D
0.7663
0
0.1306
0
0
0.1031
V
40
N
41
39
34
D
0.1699
0.7192
0
0.0267
0.0842
V
41
N
42
40
35
D
0.0216
0
0.4621
0
0.4707
0
0.0456
V
42
N
41
36
D
0.2014
0
0.2357
0.2753
0
0.2231
0.0645
