i_48_1_14_FR_X
14
X
A
0
1
13
4
V
1
N
2
9
D
0.0035
0
0.1902
0.0011
0.7879
0.0072
0.0101
V
2
N
3
1
10
D
0.8426
0
0
0.1574
V
3
N
4
2
11
D
0.0661
0
0
0.0245
0.0208
0.8886
V
4
N
5
3
12
D
0.1244
0
0
0.2586
0.2824
0.3346
V
5
N
6
4
13
D
0.2357
0.7643
V
6
N
7
5
14
D
0.76
0
0
0
0
0
0.24
V
7
N
8
6
15
D
0.0056
0
0
0
0.0039
0.9515
0.039
V
8
N
7
16
D
0.7821
0
0.2179
V
9
N
10
17
1
D
0.9003
0.0017
0.047
0
0.0012
0.0498
V
10
N
11
9
18
2
D
0.0216
0
0.0049
0
0.0038
0
0.9697
V
11
N
12
10
19
3
D
0.1857
0
0.5901
0
0.2242
V
12
N
13
11
20
4
D
0.7662
0
0
0.2338
V
13
N
14
12
21
5
D
0.4643
0
0.5357
V
14
N
15
13
22
6
D
0.04
0
0.0073
0.5508
0
0.371
0.0309
V
15
N
16
14
23
7
D
0.8547
0
0
0
0.1453
V
16
N
15
24
8
D
0.0446
0
0.0142
0.9367
0.0045
V
17
N
18
25
9
D
0.0262
0.1929
0
0.3151
0.4658
V
18
N
19
17
26
10
D
0.4788
0
0.0621
0.4591
V
19
N
20
18
27
11
D
0.0366
0.13
0
0
0.1825
0.6509
V
20
N
21
19
28
12
D
0.0803
0
0.1108
0.3862
0.4227
V
21
N
22
20
29
13
D
0.1381
0
0.641
0.1733
0.0476
V
22
N
23
21
30
14
D
0.4625
0.0841
0
0
0
0
0.4534
V
23
N
24
22
31
15
D
0.0132
0
0.8767
0
0.0485
0
0.0616
V
24
N
23
32
16
D
0.6292
0.3708
V
25
N
26
33
17
D
0.5159
0.1164
0
0
0
0.3677
V
26
N
27
25
34
18
D
0.0984
0
0
0.3527
0.001
0
0.5479
V
27
N
28
26
35
19
D
0.696
0
0
0
0
0
0.304
V
28
N
29
27
36
20
D
0.0009
0.0053
0.9919
0.0019
V
29
N
30
28
37
21
D
0.0431
0
0.2322
0.6667
0
0.058
V
30
N
31
29
38
22
D
0.4729
0
0
0.2926
0
0
0.2345
V
31
N
32
30
39
23
D
0.9829
0.0001
0
0.0131
0
0.0023
0.0016
V
32
N
31
40
24
D
0.1817
0
0.5436
0
0.0862
0.0255
0.163
V
33
N
34
41
25
D
0.033
0.713
0.0098
0.1626
0.027
0.0546
V
34
N
35
33
42
26
D
0.7829
0
0
0
0
0.1655
0.0516
V
35
N
36
34
43
27
D
0.8855
0
0
0
0
0.1145
V
36
N
37
35
44
28
D
0.5575
0
0.0021
0.013
0.1441
0
0.2833
V
37
N
38
36
45
29
D
0.0059
0.7572
0.0748
0.0406
0.0146
0.1069
V
38
N
39
37
46
30
D
0.0712
0.0779
0
0.7021
0
0
0.1488
V
39
N
40
38
47
31
D
0.2673
0
0.6859
0
0.0359
0.0109
V
40
N
39
48
32
D
0.0302
0.4789
0
0
0
0.4909
V
41
N
42
33
D
0.3969
0.0774
0
0.1106
0
0
0.4151
V
42
N
43
41
34
D
0.685
0
0.0272
0
0.0164
0
0.2714
V
43
N
44
42
35
D
0.0374
0
0.1822
0
0
0.682
0.0984
V
44
N
45
43
36
D
0.0688
0.391
0
0
0.0479
0.2659
0.2264
V
45
N
46
44
37
D
0.0032
0.7442
0
0
0.0037
0.01
0.2389
V
46
N
47
45
38
D
0.0536
0
0
0
0
0.7241
0.2223
V
47
N
48
46
39
D
0.0291
0.016
0
0.0999
0.0066
0.8484
V
48
N
47
40
D
0.4221
0
0
0.1037
0
0
0.4742
