i_49_2_11_FR_X
11
X
A
0
1
8
3
A
1
1
11
3
V
1
N
2
8
D
0.1795
0
0.1959
0
0
0.3114
0.3132
V
2
N
3
1
9
D
0.7658
0.0774
0
0
0
0.1106
0.0462
V
3
N
4
2
10
D
0.0627
0
0
0.5838
0
0.0025
0.351
V
4
N
5
3
11
D
0.0563
0.2454
0.029
0.295
0.0701
0.166
0.1382
V
5
N
6
4
12
D
0.0286
0
0
0.4855
0.0137
0.4669
0.0053
V
6
N
7
5
13
D
0.2172
0.2314
0.0688
0
0
0.4826
V
7
N
6
14
D
0.7949
0
0.2051
V
8
N
9
15
1
D
0.0373
0
0.4743
0
0.251
0
0.2374
V
9
N
10
8
16
2
D
0.7354
0.1529
0
0
0.1117
V
10
N
11
9
17
3
D
0.8442
0
0.0237
0
0
0
0.1321
V
11
N
12
10
18
4
D
0.4486
0
0
0
0.5514
V
12
N
13
11
19
5
D
0.4079
0.0323
0.0066
0
0.4966
0
0.0566
V
13
N
14
12
20
6
D
0.0285
0.108
0.3609
0
0.1923
0.3103
V
14
N
13
21
7
D
0.0129
0.2321
0
0.7548
0
0
0.0002
V
15
N
16
22
8
D
0.1475
0
0.8525
V
16
N
17
15
23
9
D
0.6444
0
0
0.0141
0
0.3415
V
17
N
18
16
24
10
D
0.6196
0.2506
0.0433
0
0.0123
0.0742
V
18
N
19
17
25
11
D
0.0159
0.5604
0.3274
0
0.0449
0.0514
V
19
N
20
18
26
12
D
0.4349
0
0.5485
0
0
0.0166
V
20
N
21
19
27
13
D
0.6151
0.0106
0
0
0.3737
0
0.0006
V
21
N
20
28
14
D
0.0072
0
0.4607
0.503
0.0092
0.0175
0.0024
V
22
N
23
29
15
D
0.725
0
0
0
0
0.275
V
23
N
24
22
30
16
D
0.0363
0
0.0127
0.0509
0.2759
0.2851
0.3391
V
24
N
25
23
31
17
D
0.0005
0.0332
0.9524
0
0.0002
0.0052
0.0085
V
25
N
26
24
32
18
D
0.2013
0
0
0
0
0.0104
0.7883
V
26
N
27
25
33
19
D
0.8808
0
0.1192
V
27
N
28
26
34
20
D
0.0493
0.2491
0
0.3532
0
0.2183
0.1301
V
28
N
27
35
21
D
0.5724
0
0.3537
0
0
0
0.0739
V
29
N
30
36
22
D
0.0404
0
0.9106
0.0356
0.0134
V
30
N
31
29
37
23
D
0.3209
0.2657
0.0634
0
0
0.2912
0.0588
V
31
N
32
30
38
24
D
0.2281
0.0116
0.1855
0
0.0014
0.5726
0.0008
V
32
N
33
31
39
25
D
0.0565
0.1749
0.068
0.613
0
0.0876
V
33
N
34
32
40
26
D
0.284
0.716
V
34
N
35
33
41
27
D
0.2468
0.3326
0.2549
0.0173
0
0.0043
0.1441
V
35
N
34
42
28
D
0.3463
0
0.6537
V
36
N
37
43
29
D
0.2405
0
0.0279
0.165
0
0.5666
V
37
N
38
36
44
30
D
0.0946
0
0
0.9054
V
38
N
39
37
45
31
D
0.42
0.2855
0.2147
0.0281
0.0517
V
39
N
40
38
46
32
D
0.361
0.1441
0.0206
0.4743
V
40
N
41
39
47
33
D
0.6711
0.0278
0
0
0
0
0.3011
V
41
N
42
40
48
34
D
0.2563
0
0
0.4954
0.136
0.1123
V
42
N
41
49
35
D
0.1435
0.0573
0
0.5859
0.1609
0
0.0524
V
43
N
44
36
D
0.0416
0.0389
0.5043
0.2634
0
0.1478
0.004
V
44
N
45
43
37
D
0.0661
0
0.0407
0.006
0.8481
0.032
0.0071
V
45
N
46
44
38
D
0.1214
0
0
0.5624
0.2911
0.0132
0.0119
V
46
N
47
45
39
D
0.0865
0.0299
0.0324
0
0
0.0472
0.804
V
47
N
48
46
40
D
0.8016
0
0
0
0.1321
0
0.0663
V
48
N
49
47
41
D
0.3948
0.2491
0.0018
0
0
0.3543
V
49
N
48
42
D
0.0111
0
0.0324
0.3882
0.0069
0.5614
