i_56_1_9_FR_X
9
X
A
0
1
6
7
V
1
N
2
9
D
0.5488
0.0424
0
0.3412
0.0676
V
2
N
3
1
10
D
0.2524
0.0185
0
0.0212
0.1887
0.512
0.0072
V
3
N
4
2
11
D
0.4075
0.1603
0.4154
0.0168
V
4
N
5
3
12
D
0.0081
0
0.0779
0.7913
0
0.1227
V
5
N
6
4
13
D
0.6278
0
0
0.1066
0.1561
0
0.1095
V
6
N
7
5
14
D
0.3796
0
0.0891
0.0006
0.0012
0.0298
0.4997
V
7
N
8
6
15
D
0.1575
0
0.6964
0
0
0.1461
V
8
N
7
16
D
0.1348
0
0.8652
V
9
N
10
17
1
D
0.0123
0
0.3517
0.5542
0.0564
0
0.0254
V
10
N
11
9
18
2
D
0.4101
0.0147
0.0991
0
0.1819
0.2942
V
11
N
12
10
19
3
D
0.6837
0
0
0
0
0
0.3163
V
12
N
13
11
20
4
D
0.0079
0
0.8291
0.0827
0.057
0
0.0233
V
13
N
14
12
21
5
D
0.0336
0
0
0
0.167
0
0.7994
V
14
N
15
13
22
6
D
0.3849
0
0
0
0
0.6151
V
15
N
16
14
23
7
D
0.4019
0
0.3065
0
0
0.2493
0.0423
V
16
N
15
24
8
D
0.0076
0.0025
0.9806
0.0085
0
0
0.0008
V
17
N
18
25
9
D
0.0068
0
0.9748
0.0184
V
18
N
19
17
26
10
D
0.669
0.0248
0
0
0.2165
0.0813
0.0084
V
19
N
20
18
27
11
D
0.3019
0
0
0.0131
0.662
0
0.023
V
20
N
21
19
28
12
D
0.872
0
0.0662
0
0.0618
V
21
N
22
20
29
13
D
0.4381
0
0.0368
0.0758
0.4493
V
22
N
23
21
30
14
D
0.1719
0
0.3678
0
0.4603
V
23
N
24
22
31
15
D
0.6515
0.1481
0
0.0506
0.1264
0
0.0234
V
24
N
23
32
16
D
0.0527
0.8128
0.0278
0
0.0628
0.0439
V
25
N
26
33
17
D
0.0712
0
0
0
0
0.8833
0.0455
V
26
N
27
25
34
18
D
0.2141
0
0.1
0
0
0
0.6859
V
27
N
28
26
35
19
D
0.2401
0.6828
0
0.0771
V
28
N
29
27
36
20
D
0.5618
0
0.4382
V
29
N
30
28
37
21
D
0.2627
0.2306
0
0.5067
V
30
N
31
29
38
22
D
0.0798
0
0.3227
0.0058
0.5917
V
31
N
32
30
39
23
D
0.5681
0
0.0915
0.0336
0.0046
0
0.3022
V
32
N
31
40
24
D
0.1667
0.004
0.0656
0.1965
0
0.4483
0.1189
V
33
N
34
41
25
D
0.0765
0.5524
0
0
0.2525
0.1186
V
34
N
35
33
42
26
D
0.4096
0.473
0
0
0.1174
V
35
N
36
34
43
27
D
0.0781
0.0268
0
0
0
0.8751
0.02
V
36
N
37
35
44
28
D
0.0619
0.0438
0
0.0172
0.8771
V
37
N
38
36
45
29
D
0.9235
0.0028
0.0447
0
0
0.0277
0.0013
V
38
N
39
37
46
30
D
0.3336
0
0.4358
0.1404
0.0414
0
0.0488
V
39
N
40
38
47
31
D
0.5117
0.3288
0
0.0337
0
0
0.1258
V
40
N
39
48
32
D
0.3732
0.4395
0.0008
0
0.0002
0.122
0.0643
V
41
N
42
49
33
D
0.3767
0.4744
0
0
0
0
0.1489
V
42
N
43
41
50
34
D
0.9291
0
0
0
0
0
0.0709
V
43
N
44
42
51
35
D
0.0133
0.3849
0.4585
0.0028
0
0.0133
0.1272
V
44
N
45
43
52
36
D
0.5044
0.2345
0.1673
0
0
0.0925
0.0013
V
45
N
46
44
53
37
D
0.7861
0
0
0.0896
0
0.0011
0.1232
V
46
N
47
45
54
38
D
0.1132
0.0654
0
0.0232
0.655
0.1324
0.0108
V
47
N
48
46
55
39
D
0.9354
0
0
0
0
0.0646
V
48
N
47
56
40
D
0.2059
0
0
0
0.7848
0.0093
V
49
N
50
41
D
0.3463
0
0.1999
0
0
0
0.4538
V
50
N
51
49
42
D
0.2427
0.3191
0.1541
0.2635
0
0.0206
V
51
N
52
50
43
D
0.9493
0
0
0.0507
V
52
N
53
51
44
D
0.4445
0
0.5555
V
53
N
54
52
45
D
0.4882
0.0072
0.0512
0.3588
0
0
0.0946
V
54
N
55
53
46
D
0.4644
0.2346
0
0.0858
0.2084
0
0.0068
V
55
N
56
54
47
D
0.7102
0.0168
0
0.1198
0
0.1532
V
56
N
55
48
D
0.3304
0
0
0
0.2605
0.2704
0.1387
