i_64_2_6_FR_X
6
X
A
0
1
5
3
A
1
1
3
4
V
1
N
2
9
D
0.155
0
0
0.1272
0
0.383
0.3348
V
2
N
3
1
10
D
0.4991
0
0
0.2738
0
0
0.2271
V
3
N
4
2
11
D
0.4848
0
0.027
0
0.3203
0
0.1679
V
4
N
5
3
12
D
0.3241
0
0.6672
0
0
0.0087
V
5
N
6
4
13
D
0.1151
0
0
0.2573
0
0.1087
0.5189
V
6
N
7
5
14
D
0.2838
0.0966
0
0
0
0.2037
0.4159
V
7
N
8
6
15
D
0.2535
0.1293
0.3725
0
0.2447
V
8
N
7
16
D
0.0274
0.0264
0
0
0.7023
0.22
0.0239
V
9
N
10
17
1
D
0.0361
0.0246
0
0.0041
0
0.9352
V
10
N
11
9
18
2
D
0.0088
0.7728
0.0122
0.2046
0.0014
0
0.0002
V
11
N
12
10
19
3
D
0.0051
0
0
0.662
0.2521
0.0789
0.0019
V
12
N
13
11
20
4
D
0.4534
0
0
0.2788
0
0
0.2678
V
13
N
14
12
21
5
D
0.2432
0.0379
0.2895
0.4287
0.0007
V
14
N
15
13
22
6
D
0.2218
0
0
0.7782
V
15
N
16
14
23
7
D
0.2954
0
0.5665
0
0
0
0.1381
V
16
N
15
24
8
D
0.9915
0
0
0
0.0085
V
17
N
18
25
9
D
0.5612
0.4388
V
18
N
19
17
26
10
D
0.2428
0
0
0
0.7572
V
19
N
20
18
27
11
D
0.0332
0.1036
0
0
0.0774
0
0.7858
V
20
N
21
19
28
12
D
0.0001
0.0189
0.0002
0.0001
0.0048
0.2874
0.6885
V
21
N
22
20
29
13
D
0.0103
0.0045
0.9323
0.0443
0.0077
0.0009
V
22
N
23
21
30
14
D
0.1881
0.2707
0.0369
0
0
0.5043
V
23
N
24
22
31
15
D
0.2634
0.086
0
0.6085
0
0.0421
V
24
N
23
32
16
D
0.6305
0
0.2731
0
0
0
0.0964
V
25
N
26
33
17
D
0.0599
0
0
0.9401
V
26
N
27
25
34
18
D
0.1453
0.0016
0.1141
0
0.6693
0
0.0697
V
27
N
28
26
35
19
D
0.3737
0
0.3269
0.2948
0.0019
0
0.0027
V
28
N
29
27
36
20
D
0.026
0.0032
0.0892
0.8747
0
0.0069
V
29
N
30
28
37
21
D
0.0561
0.7206
0
0
0.0323
0.0636
0.1274
V
30
N
31
29
38
22
D
0.2888
0
0
0.7112
V
31
N
32
30
39
23
D
0.0071
0.3418
0
0
0.0114
0.6397
V
32
N
31
40
24
D
0.7442
0
0
0
0
0
0.2558
V
33
N
34
41
25
D
0.9415
0
0
0.0585
V
34
N
35
33
42
26
D
0.0199
0
0.1015
0
0.8622
0
0.0164
V
35
N
36
34
43
27
D
0.0047
0.8047
0.0049
0.1582
0
0.0033
0.0242
V
36
N
37
35
44
28
D
0.8792
0.0276
0
0
0.0554
0.0378
V
37
N
38
36
45
29
D
0.2117
0.0034
0
0.0352
0.0949
0
0.6548
V
38
N
39
37
46
30
D
0.2009
0
0.4662
0
0
0.3329
V
39
N
40
38
47
31
D
0.005
0
0.0022
0.0164
0.845
0.0252
0.1062
V
40
N
39
48
32
D
0.1501
0
0
0
0
0.6808
0.1691
V
41
N
42
49
33
D
0.2344
0
0
0
0.7656
V
42
N
43
41
50
34
D
0.4337
0
0.2109
0
0.3317
0
0.0237
V
43
N
44
42
51
35
D
0.1862
0.0601
0
0
0.5622
0.0092
0.1823
V
44
N
45
43
52
36
D
0.0041
0.4912
0
0
0.0182
0
0.4865
V
45
N
46
44
53
37
D
0.0228
0.4586
0
0
0.3668
0
0.1518
V
46
N
47
45
54
38
D
0.3914
0.187
0
0.3861
0
0.0188
0.0167
V
47
N
48
46
55
39
D
0.4529
0
0.0196
0
0.5275
V
48
N
47
56
40
D
0.1018
0
0
0.8982
V
49
N
50
57
41
D
0.3693
0.0216
0.1576
0.2747
0
0.1284
0.0484
V
50
N
51
49
58
42
D
0.4635
0
0.0268
0.2414
0.0009
0.2674
V
51
N
52
50
59
43
D
0.0131
0
0.0777
0.6776
0.1389
0.0927
V
52
N
53
51
60
44
D
0.4545
0
0
0
0
0.5455
V
53
N
54
52
61
45
D
0.0432
0
0.0199
0
0
0.0304
0.9065
V
54
N
55
53
62
46
D
0.2416
0
0.2747
0.1017
0
0.0148
0.3672
V
55
N
56
54
63
47
D
0.0649
0.1759
0.0102
0.749
V
56
N
55
64
48
D
0.0112
0
0
0
0.0196
0.0219
0.9473
V
57
N
58
49
D
0.5081
0
0
0
0
0.4919
V
58
N
59
57
50
D
0.1219
0
0
0.5463
0.1449
0
0.1869
V
59
N
60
58
51
D
0.5262
0
0
0.3843
0.0895
V
60
N
61
59
52
D
0.8511
0
0
0
0
0.1489
V
61
N
62
60
53
D
0.8325
0
0
0
0.1675
V
62
N
63
61
54
D
0.696
0
0.304
V
63
N
64
62
55
D
0.1076
0
0.2562
0.2465
0.065
0.3247
V
64
N
63
56
D
0.778
0
0
0.222
