i_71_1_36_AG01_X
36
X
A
0
1
36
26
V
1
N
2
37
D
1
V
2
N
3
1
D
0
1
V
3
N
4
2
D
0
1
V
4
N
5
3
D
0
1
V
5
N
6
4
D
0
1
V
6
N
7
5
D
0
1
V
7
N
8
6
D
0
1
V
8
N
9
7
D
0
1
V
9
N
10
8
D
0
1
V
10
N
11
9
D
0
1
V
11
N
12
10
D
0
1
V
12
N
13
11
D
0
1
V
13
N
14
12
D
0
1
V
14
N
15
13
D
0
1
V
15
N
16
14
D
0
1
V
16
N
17
15
D
0
1
V
17
N
18
16
D
0
1
V
18
N
19
17
D
0
1
V
19
N
20
18
D
0
1
V
20
N
21
19
D
0
1
V
21
N
22
20
D
0
1
V
22
N
23
21
D
0
1
V
23
N
24
22
D
0
1
V
24
N
25
23
D
0
1
V
25
N
26
24
D
0
1
V
26
N
27
25
D
0
1
V
27
N
28
26
D
0
1
V
28
N
29
27
D
0
1
V
29
N
30
28
D
0
1
V
30
N
31
29
D
0
1
V
31
N
32
30
D
0
1
V
32
N
33
31
D
0
1
V
33
N
34
32
D
0
1
V
34
N
35
33
D
0
1
V
35
N
36
34
D
0
1
V
36
N
35
D
0
1
V
37
N
73
1
D
1
V
73
N
109
37
D
1
V
109
N
145
73
D
1
V
145
N
181
109
D
1
V
181
N
217
145
D
1
V
217
N
253
181
D
1
V
253
N
289
217
D
1
V
289
N
325
253
D
1
V
325
N
361
289
D
1
V
361
N
397
325
D
1
V
397
N
433
361
D
1
V
433
N
469
397
D
1
V
469
N
505
433
D
1
V
505
N
541
469
D
1
V
541
N
577
505
D
1
V
577
N
613
541
D
1
V
613
N
649
577
D
1
V
649
N
685
613
D
1
V
685
N
721
649
D
1
V
721
N
757
685
D
1
V
757
N
793
721
D
1
V
793
N
829
757
D
1
V
829
N
865
793
D
1
V
865
N
901
829
D
1
V
901
N
937
865
D
1
V
937
N
973
901
D
1
V
973
N
1009
937
D
1
V
1009
N
1045
973
D
1
V
1045
N
1081
1009
D
1
V
1081
N
1117
1045
D
1
V
1117
N
1153
1081
D
1
V
1153
N
1189
1117
D
1
V
1189
N
1225
1153
D
1
V
1225
N
1261
1189
D
1
V
1261
N
1225
D
0.9
0
0
0
0
0
0
0
0
0
0
0
0
0
0
0
0
0
0
0
0
0
0
0
0
0
0
0
0
0
0
0
0
0
0
0
0
0
0
0
0
0
0
0
0
0
0
0
0
0
0
0
0
0
0
0
0
0
0
0
0
0
0
0
0
0
0
0
0
0
0
0
0
0
0
0
0
0
0
0
0
0
0
0
0
0
0
0
0
0
0
0
0
0
0
0
0
0
0
0
0
0
0
0
0
0
0
0
0
0
0
0
0
0
0
0
0
0
0
0
0
0
0
0
0
0
0
0
0
0
0
0
0
0
0
0
0
0
0
0
0
0
0
0
0
0
0
0
0
0
0
0
0
0
0
0
0
0
0
0
0
0
0
0
0
0
0
0
0
0
0
0
0
0
0
0
0
0
0
0
0
0
0
0
0
0
0
0
0
0
0
0
0
0
0
0
0
0
0
0
0
0
0
0
0
0
0
0
0
0
0
0
0
0
0
0
0
0
0
0
0
0
0
0
0
0
0
0
0
0
0
0
0
0
0
0
0
0
0
0
0
0
0
0
0
0
0
0
0
0
0
0
0
0
0
0
0
0
0
0
0
0
0
0
0
0
0
0
0
0
0
0
0
0
0
0
0
0
0
0
0
0
0
0
0
0
0
0
0
0
0
0
0
0
0
0
0
0
0
0
0
0
0
0
0
0
0
0
0
0
0
0
0
0
0
0
0
0
0
0
0
0
0
0
0
0
0
0
0
0
0
0
0
0
0
0
0
0
0
0
0
0
0
0
0
0
0
0
0
0
0
0
0
0
0
0
0
0
0
0
0.1
