i_121_2_38_FR_orz601d
38
orz601d
A
0
33
21
9
A
1
33
26
4
V
33
N
34
60
D
0.48755
0
0.00837
0
0.1425
0
0.36158
V
34
N
33
61
D
0.48297
0
0
0.24287
0.18099
0.01761
0.07556
V
39
N
40
66
D
0.50283
0
0
0
0.49717
V
40
N
39
67
D
0.32447
0.08185
0
0.43507
0.03636
0
0.12225
V
45
N
46
72
D
0.00603
0
0
0.99397
V
46
N
45
73
D
0.00032
0.02678
0.00512
0
0
0.96004
0.00774
V
59
N
60
86
D
0.4308
0.42477
0
0.09428
0
0.01707
0.03308
V
60
N
61
59
87
33
D
0.44264
0
0
0
0.55736
V
61
N
62
60
88
34
D
0.09237
0.43597
0
0
0.0715
0
0.40016
V
62
N
61
89
D
0.0368
0
0.09945
0.15808
0.70068
0.00499
V
65
N
66
92
D
0.58773
0
0.03089
0
0
0.26611
0.11527
V
66
N
67
65
93
39
D
0.67316
0
0.18952
0.09672
0.0406
V
67
N
68
66
94
40
D
0.15007
0
0.046
0
0
0.80393
V
68
N
67
95
D
0.88794
0
0
0.11206
V
71
N
72
98
D
0.25542
0.40643
0.26927
0
0.06888
V
72
N
73
71
99
45
D
0.35622
0
0
0.07583
0
0.08619
0.48176
V
73
N
74
72
100
46
D
0.44431
0
0.1678
0
0
0
0.38789
V
74
N
73
101
D
0.53776
0
0
0
0.46224
V
86
N
87
59
D
0.23599
0
0
0.21767
0.31458
0
0.23176
V
87
N
88
86
60
D
0.34825
0
0.26502
0
0.01037
0.14972
0.22664
V
88
N
89
87
61
D
0.01963
0.88075
0
0.09364
0
0
0.00598
V
89
N
88
62
D
0.0321
0
0.00776
0.1623
0.6961
0
0.10174
V
92
N
93
65
D
0.20243
0.79757
V
93
N
94
92
66
D
0.29887
0
0.33299
0
0.34132
0
0.02682
V
94
N
95
93
67
D
0.08868
0
0
0.07726
0.60462
0
0.22944
V
95
N
94
68
D
0.0096
0
0
0.95536
0
0.03504
V
98
N
99
71
D
0.57943
0
0
0
0.0999
0.17427
0.1464
V
99
N
100
98
72
D
0.01124
0
0.02655
0
0.5428
0
0.41941
V
100
N
101
99
73
D
0.25088
0
0
0.60758
0.14154
V
101
N
100
74
D
0.32677
0
0.67323
V
111
N
112
138
D
0.25284
0
0.24888
0
0.07831
0.41997
V
112
N
111
139
D
0.04324
0
0
0.0995
0
0.05152
0.80574
V
118
N
145
D
0.72288
0
0
0
0.08014
0
0.19698
V
124
N
151
D
0.07143
0.12363
0
0.00847
0.79647
V
130
N
157
D
0.29468
0
0
0
0
0.70532
V
132
N
133
159
D
0.45267
0
0.07595
0
0.29371
0.13094
0.04673
V
133
N
132
D
0.62576
0.02774
0
0.00362
0
0.14042
0.20246
V
137
N
138
164
D
0.33313
0.01251
0.39064
0
0.22822
0.0355
V
138
N
139
137
165
111
D
0.2225
0
0
0
0.08055
0.48954
0.20741
V
139
N
138
166
112
D
0.34322
0
0
0.15435
0.50243
V
141
N
142
168
D
0.67384
0
0.30196
0.00521
0.01899
V
142
N
143
141
169
D
0.93221
0.00089
0.00222
0.00631
0.04668
0.01169
V
143
N
144
142
170
D
0.01627
0
0
0.04411
0
0.07964
0.85998
V
144
N
145
143
171
D
0.10621
0
0
0
0
0.77953
0.11426
V
145
N
146
144
172
118
D
0.80236
0
0
0
0.19764
V
146
N
147
145
173
D
0.85286
0
0
0
0
0.14714
V
147
N
148
146
174
D
0.04051
0
0
0
0.95949
V
148
N
149
147
175
D
0.94832
0
0.05168
V
149
N
150
148
176
D
0.40688
0
0
0
0.59312
V
150
N
151
149
177
D
0.11117
0.30353
0.38203
0
0
0.20327
V
151
N
152
150
178
124
D
0.14042
0.22859
0
0
0
0.26424
0.36675
V
152
N
153
151
179
D
0.70218
0.26697
0
0.03085
V
153
N
154
152
180
D
0.50104
0
0
0
0
0.43827
0.06069
V
154
N
155
153
181
D
0.74739
0
0
0
0.10913
0.14348
V
155
N
156
154
182
D
0.97839
0.01834
0
0
0.00327
V
156
N
157
155
183
D
0.5476
0.03206
0
0.12061
0.02771
0.16769
0.10433
V
157
N
158
156
184
130
D
0.38576
0
0
0.2985
0.31574
V
158
N
159
157
185
D
0.11318
0
0
0.33701
0
0
0.54981
V
159
N
158
186
132
D
0.33331
0.54849
0
0
0.10802
0
0.01018
V
161
N
188
D
0.07803
0.06017
0
0
0.01722
0.84436
0.00022
V
164
N
165
137
D
0.12019
0.85408
0
0.02382
0.00191
V
165
N
166
164
192
138
D
0.01169
0.42004
0.20397
0
0.04283
0.10996
0.21151
V
166
N
165
193
139
D
0.17144
0
0.30039
0.08701
0.12693
0.29411
0.02012
V
168
N
169
195
141
D
0.1074
0
0.07726
0
0.80027
0.01507
V
169
N
170
168
196
142
D
0.46897
0
0
0.12645
0.01034
0.36215
0.03209
V
170
N
171
169
197
143
D
0.11885
0
0
0.71601
0.16514
V
171
N
172
170
198
144
D
0.00198
0
0
0
0.95901
0.03901
V
172
N
173
171
199
145
D
0.12419
0
0.13133
0.53819
0
0.20629
V
173
N
174
172
200
146
D
0.00493
0
0
0
0
0.98822
0.00685
V
174
N
175
173
201
147
D
0.53602
0
0.00304
0
0.38428
0
0.07666
V
175
N
176
174
202
148
D
0.00189
0.01508
0.78171
0.1831
0
0.01822
V
176
N
177
175
203
149
D
0.46541
0.50832
0
0.02627
V
177
N
178
176
204
150
D
0.05856
0.04891
0
0.06958
0.77471
0.04824
V
178
N
179
177
205
151
D
0.94021
0.00045
0.00197
0.05662
0.00075
V
179
N
180
178
206
152
D
0.23531
0.2276
0
0.53709
V
180
N
181
179
207
153
D
0.19679
0.01247
0.11618
0
0
0.08862
0.58594
V
181
N
182
180
208
154
D
0.31965
0
0.05069
0
0.47164
0.00132
0.1567
V
182
N
183
181
209
155
D
0.00262
0
0
0.00844
0
0.98547
0.00347
V
183
N
184
182
210
156
D
0.01762
0.12826
0.28038
0.34582
0.22792
V
184
N
185
183
211
157
D
0.01741
0.00299
0
0.96672
0
0.00806
0.00482
V
185
N
186
184
212
158
D
0.19136
0.49968
0
0.27764
0
0.03132
V
186
N
187
185
213
159
D
0.11458
0.23238
0.14999
0.50305
V
187
N
188
186
214
D
0.01643
0.09419
0
0
0
0.00915
0.88023
V
188
N
187
215
161
D
0.48058
0
0
0.51942
V
192
N
193
165
D
0.73785
0
0
0.26215
V
193
N
192
166
D
0.04733
0
0
0.02711
0.04921
0
0.87635
V
195
N
196
168
D
0.50873
0
0
0
0.23222
0.25905
V
196
N
197
195
169
D
0.95972
0.04028
V
197
N
198
196
170
D
0.09613
0
0
0.16268
0.24088
0.50031
V
198
N
199
197
171
D
0.0995
0
0.46875
0.42053
0
0.01122
V
199
N
200
198
172
D
0.06216
0
0.07746
0.44742
0.41296
V
200
N
201
199
173
D
0.0064
0.00103
0.00419
0.5349
0.45348
V
201
N
202
200
174
D
0.98739
0
0
0
0
0
0.01261
V
202
N
203
201
175
D
0.45415
0
0.0136
2e-05
0.52724
0.00499
V
203
N
204
202
176
D
0.34232
0
0.3443
0
0.1555
0.15788
V
204
N
205
203
177
D
0.00644
0.0351
0
0.67299
0
0.2826
0.00287
V
205
N
206
204
178
D
0.13037
0.3205
0
0.03663
0.11977
0.39273
V
206
N
207
205
179
D
0.00977
0
0.10382
0
0
0.1036
0.78281
V
207
N
208
206
180
D
0.85575
0
0
0
0.14425
V
208
N
209
207
181
D
0.48721
0
0.11227
0.17273
0.01291
0.21488
V
209
N
210
208
182
D
0.18221
0
0
0
0.81779
V
210
N
211
209
183
D
0.01649
0.70618
0.12146
0
0
0.06881
0.08706
V
211
N
212
210
184
D
0.04826
0
0
0.37641
0.03639
0
0.53894
V
212
N
213
211
185
D
0.73341
0.26659
V
213
N
214
212
186
D
0.10989
0
0.89011
V
214
N
215
213
187
D
0.52592
0
0.14879
0.03412
0.01604
0.2238
0.05133
V
215
N
214
188
D
0.70152
0.29848
V
248
N
249
D
0.01072
8e-05
0.15866
0.14609
0.00084
0.68017
0.00344
V
249
N
250
248
276
D
0.03881
0.00419
0
0
0
0.957
V
250
N
251
249
277
D
0.38069
0.14531
0
0.04017
0
0.31255
0.12128
V
251
N
250
278
D
0.31647
0.35422
0
0
0
0
0.32931
V
260
N
261
D
0.70904
0
0
0
0
0.29096
V
261
N
262
260
288
D
0.18704
0
0.02921
0
0
0.00424
0.77951
V
262
N
263
261
289
D
0.83626
0.16374
V
263
N
262
290
D
0.14796
0.14377
0.70827
V
276
N
277
249
D
0.17398
0
0
0
0
0
0.82602
V
277
N
278
276
250
D
0.43741
0
0.22127
0
0
0.34132
V
278
N
277
251
D
0.02344
0.15148
0.37054
0.04421
0.00392
0
0.40641
V
288
N
289
261
D
0.66022
0
0
0
0.33978
V
289
N
290
288
262
D
0.1378
0
0
0.8622
V
290
N
289
263
D
0.07483
0
0.92517
