i_15_1_13_FR_orz203d
13
orz203d
A
0
18
8
3
V
18
N
19
23
D
0.23831
0
0
0
0.00566
0.73625
0.01978
V
19
N
20
18
24
D
0.56688
0.22276
0
0.08403
0
0.12633
V
20
N
19
25
D
0.30977
0.27369
0
0
0
0
0.41654
V
22
N
23
27
D
0.74864
0
0.13335
0
0.11801
V
23
N
24
22
28
18
D
0.01175
0.00058
0.23305
0.50408
0.00254
0.21969
0.02831
V
24
N
25
23
29
19
D
0.03365
0
0.96576
0.00028
2e-05
0.00029
V
25
N
24
20
D
0.89891
0
0
0
0
0
0.10109
V
27
N
28
32
22
D
0.04738
0.29123
0.33591
0.02291
0
0.04315
0.25942
V
28
N
29
27
33
23
D
0.42891
0
0.06644
0
0.16121
0.34344
V
29
N
28
34
24
D
0.32342
0
0
0.48343
0
0
0.19315
V
32
N
33
27
D
0.12594
0
0.09318
0.06309
0.70936
0.00843
V
33
N
34
32
38
28
D
0.30612
0.04615
0.43215
0
0.05191
0.05316
0.11051
V
34
N
33
39
29
D
0.01998
0
0.94629
0
0.03373
V
38
N
39
33
D
0.16013
0
0
0
0.06233
0.77754
V
39
N
38
34
D
0.08226
0
0.02955
0
0
0
0.88819
