i_16_1_12_FR_ost102d
12
ost102d
A
0
9
12
9
V
9
N
10
16
D
0.65174
0.13459
0.01615
0
0.03507
0.16245
V
10
N
11
9
17
D
0.01008
0.07973
0.02686
0
0.0284
0.85493
V
11
N
12
10
18
D
0.00704
0.29138
0
0
0.6002
0.01984
0.08154
V
12
N
11
19
D
0.02278
0.00186
0.66437
0.00078
0.02332
0.28689
V
16
N
17
9
D
0.32865
0
0.33202
0.00894
0.05363
0.25924
0.01752
V
17
N
18
16
24
10
D
0.59362
0.19035
0
0
0
0
0.21603
V
18
N
19
17
11
D
0.69162
0.0012
0
0.29136
0
0
0.01582
V
19
N
20
18
26
12
D
0.18442
0.13726
0.00581
0.00206
0.66822
0.00223
V
20
N
21
19
27
D
0.04392
0.03076
0.19987
0.65978
0.05754
0.00813
V
21
N
20
28
D
0.08298
0.5501
0.00398
0.11907
0
0.24387
V
24
N
31
17
D
0.31638
0
0
0.09628
0.5272
0.00901
0.05113
V
26
N
27
33
19
D
0.05522
0.45174
0
0.42547
0.06757
V
27
N
28
26
20
D
0.06623
0
0.93377
V
28
N
27
21
D
0.69854
0
0
0
0.25913
0.04233
V
31
N
24
D
0.66111
0
0
0
0
0.33889
V
33
N
26
D
0.22007
0.09597
0.19999
0.48397
