i_17_2_18_FR_lak109d
18
lak109d
A
0
5
17
8
A
1
5
10
8
V
5
N
13
D
0.08169
0
0
0
0.91831
V
13
N
21
5
D
0.0025
0.00104
0.34613
0
0.00024
0
0.65009
V
19
N
20
27
D
0.03645
0.02275
0.71988
0.06376
0
0
0.15716
V
20
N
21
19
D
0.21084
0.22553
0.55942
0
0.00421
V
21
N
22
20
13
D
0.94176
0
0
0.05824
V
22
N
21
D
0.01218
0
0
0.93741
0.0373
0
0.01311
V
26
N
27
34
D
0.73349
0.16314
0.01468
0.01564
0.07305
V
27
N
26
35
19
D
0.0139
0
0
0.07203
0
0
0.91407
V
31
N
D
0.33885
0.66115
V
34
N
35
42
26
D
0.49838
0
0.04444
0
0
0.45718
V
35
N
34
27
D
0.69531
0.02267
0.19219
0.07317
0
0.01666
V
40
N
48
D
0.06201
0.49647
0.03253
0
0.21897
0.015
0.17502
V
42
N
50
34
D
0.57639
0.1333
0
0.1165
0
0
0.17381
V
48
N
40
D
0.19641
0
0
0
0.07294
0
0.73065
V
50
N
51
42
D
0.00073
0
0.70484
0.01848
0.27595
V
51
N
50
D
0.0087
0.59944
0.02786
0.364
V
60
N
D
0.61745
0
0
0
0
0
0.38255
