i_18_1_14_FR_orz106d
14
orz106d
A
0
16
12
11
V
16
N
17
22
D
0.20074
0.4601
0.03829
0
0.03047
0
0.2704
V
17
N
18
16
23
D
0.13108
0.18223
0.13727
0.53896
0.01046
V
18
N
17
24
D
0.76121
0
0.23879
V
22
N
23
28
16
D
0.02515
0.01078
0
0.15625
0.41219
0.34471
0.05092
V
23
N
24
22
29
17
D
0.04061
0
0.26826
0.5897
0
0
0.10143
V
24
N
23
30
18
D
0.83124
0.16876
V
27
N
28
D
0.06709
0.15343
0
0.77948
V
28
N
29
27
34
22
D
0.00253
0
0.38359
0.58591
0.02219
0.00302
0.00276
V
29
N
30
28
23
D
0.0959
0.08439
0
0
0.00386
0.79498
0.02087
V
30
N
29
36
24
D
0.06911
0
0.03808
0.16918
0.07687
0
0.64676
V
34
N
40
28
D
0.11078
0.62671
0.09078
0.10364
0.06809
V
36
N
42
30
D
0.03653
0.0231
0
0.52368
0
0.32186
0.09483
V
40
N
41
46
34
D
0.44759
0
0
0
0.0212
0.28273
0.24848
V
41
N
42
40
47
D
0.00353
0
0.00152
0.00657
0
0.07636
0.91202
V
42
N
41
48
36
D
0.00105
0
0.10054
0.01223
0.0014
0.88478
V
46
N
47
40
D
0.63923
0
0
0.20759
0
0.13403
0.01915
V
47
N
48
46
41
D
0.00156
0
0
0
0
0
0.99844
V
48
N
47
42
D
0.00221
0.06944
0.09786
0.03312
0
0.79737
