i_18_1_13_FR_lak108d
13
lak108d
A
0
3
7
4
V
3
N
10
D
0.61393
0
0
0
0.07732
0.27821
0.03054
V
9
N
10
16
D
0.98788
0
0
0
0
0.01212
V
10
N
11
9
17
3
D
0.91135
0
0.08865
V
11
N
12
10
18
D
0.49889
0.00779
0
0
0
0
0.49332
V
12
N
13
11
19
D
0.1242
0
0.47167
0.18295
0.21985
0
0.00133
V
13
N
12
20
D
0.64182
0
0.04167
0.20935
0
0
0.10716
V
16
N
17
23
9
D
0.3985
0
0
0
0.6015
V
17
N
18
16
24
10
D
0.5151
0
0.1915
0
0
0.25312
0.04028
V
18
N
19
17
25
11
D
0.40978
0.59022
V
19
N
20
18
12
D
0.67356
0.32644
V
20
N
19
27
13
D
0.63228
0.35549
0
0.00295
0.00846
7e-05
0.00075
V
23
N
24
16
D
0.55251
0.05095
0.05123
0
0.31498
0
0.03033
V
24
N
25
23
17
D
0.09895
0
0
0.67505
0.04052
0.16868
0.0168
V
25
N
24
18
D
0.01435
0.88397
0
0
0
0.10168
V
27
N
28
20
D
0.31036
0.10085
0.2448
0.29648
0
0.04751
V
28
N
27
D
0.40816
0.11035
0
0
0
0.48149
V
37
N
D
0.69053
0
0
0
0
0
0.30947
V
41
N
D
0.20364
0
0
0.1568
0
0
0.63956
