i_20_1_14_FR_lak101d
14
lak101d
A
0
10
8
7
V
10
N
11
17
D
0.62872
0.05763
0
0.31365
V
11
N
10
18
D
0.91612
0
0
0
0
0.08388
V
17
N
18
24
10
D
0.11746
0.37928
0.04343
0.26479
0.19087
0
0.00417
V
18
N
19
17
25
11
D
0.17683
0.34748
0
0
0.03254
0
0.44315
V
19
N
20
18
26
D
0.26521
0
0.73479
V
20
N
21
19
27
D
0.31566
0
0
0.0013
0.39677
0.28627
V
21
N
20
D
0.46157
0.28313
0
0
0.02364
0.23166
V
24
N
25
31
17
D
0.1966
0
0
0.27085
0.05553
0
0.47702
V
25
N
26
24
32
18
D
0.46926
0
0
0
0.53074
V
26
N
27
25
33
19
D
0.81606
0
0
0
0
0
0.18394
V
27
N
26
20
D
0.40621
0
0
0.023
0
0.57079
V
31
N
32
38
24
D
0.32878
0.00848
0
0
0.02737
0.57512
0.06025
V
32
N
33
31
39
25
D
0.02802
0.96356
0
0
0
0.00715
0.00127
V
33
N
32
40
26
D
0.1217
0.02853
0.27174
0.52497
0
0.01125
0.04181
V
38
N
39
45
31
D
0.98544
0.00138
0.00965
0
0.00041
0
0.00312
V
39
N
40
38
46
32
D
0.04191
0.02609
0.00285
0.78664
0
0.00081
0.1417
V
40
N
39
47
33
D
0.3769
0
0.3276
0.22925
0.06625
V
45
N
46
38
D
0.6107
0
0
0
0.3893
V
46
N
47
45
39
D
0.8304
0.1696
V
47
N
46
40
D
0.70246
0.03762
0.00041
0.25951
