i_22_1_15_FR_den404d
15
den404d
A
0
10
9
3
V
10
N
11
17
D
0.44153
0.18419
0
0
0
0.06331
0.31097
V
11
N
12
10
18
D
0.39439
0
0
0
0.03613
0.21646
0.35302
V
12
N
13
11
19
D
0.23681
0
0
0.02795
0.69598
0
0.03926
V
13
N
12
20
D
0.20719
0.00912
0
0.00708
0.16926
0.35169
0.25566
V
17
N
18
24
10
D
0.52562
0
0
0
0.47438
V
18
N
19
17
11
D
0.04955
0.17916
0
0.32659
0
0.136
0.3087
V
19
N
20
18
12
D
0.72042
0.11942
0
0.08447
0
0.07569
V
20
N
21
19
13
D
0.73873
0
0.26127
V
21
N
20
28
D
0.29613
0
0
0
0
0.11983
0.58404
V
24
N
17
D
0.66994
0
0
0.06469
0.04785
0.21752
V
28
N
35
21
D
0.34043
0.07314
0.35049
0
0.10369
0.13225
V
35
N
42
28
D
0.25161
0.45522
0.00343
0.01415
0
0.27559
V
39
N
40
46
D
0.27005
0
0.03545
0.6945
V
40
N
41
39
47
D
0.039
0.81544
0.11844
0
0
0.0233
0.00382
V
41
N
42
40
48
D
0.38733
0
0
0
0
0.61267
V
42
N
41
35
D
0.00027
0.90908
0.00156
0.00143
0.01459
0.07307
V
46
N
47
53
39
D
0.03648
0
0.88002
0.06451
0
0.01899
V
47
N
48
46
54
40
D
0.24874
0
0.58088
0
0.17038
V
48
N
47
55
41
D
0.19246
0.31396
0
0.12053
0.28231
0
0.09074
V
53
N
54
46
D
0.79275
0
0
0
0
0.20725
V
54
N
55
53
47
D
0.19513
0.14068
0.27685
0.2559
0
0.10434
0.0271
V
55
N
54
48
D
0.40393
0
0.09818
0.45324
0.04465
