i_23_1_15_FR_lak107d
15
lak107d
A
0
6
8
14
V
6
N
15
D
0.18709
0
0
0.6903
0.04532
0.07729
V
12
N
13
21
D
0.42458
0.28657
0
0
0
0.28885
V
13
N
14
12
22
D
0.19616
0
0
0.80384
V
14
N
15
13
23
D
0.8055
0
0.03917
0
0.10558
0.04975
V
15
N
16
14
24
6
D
0.3363
0.16881
0.31245
0.00814
0.1743
V
16
N
15
25
D
0.01848
0.82985
0.10545
0.00356
0
0.04266
V
20
N
21
29
D
0.12678
0.0905
0.03721
0
0.71603
0.02948
V
21
N
22
20
30
12
D
0.3592
0
0.6408
V
22
N
23
21
13
D
0.25694
0.65089
0
0
0
0
0.09217
V
23
N
24
22
14
D
0.09184
0.06469
0
0.24224
0
0.60123
V
24
N
25
23
33
15
D
0.02294
0
0
0.87872
0
0.09834
V
25
N
26
24
34
16
D
0.46675
0.14534
0
0.28943
0.09848
V
26
N
25
35
D
0.93124
0.01327
0.0003
0.00551
0
0.0496
8e-05
V
29
N
30
38
20
D
0.03238
0.16511
0
0
0.7595
0.04301
V
30
N
29
21
D
0.24034
0
0.06342
0.26356
0.42653
0
0.00615
V
33
N
34
24
D
0.92979
0.00768
0.0226
0.01568
0.02115
0.0031
V
34
N
35
33
43
25
D
0.54929
0
0.44607
0
0.00464
V
35
N
34
44
26
D
0.25933
0
0.00245
0
0.73822
V
38
N
29
D
0.92188
0
0
0.07812
V
43
N
44
34
D
0.0571
0
0
0
0.43568
0.16502
0.3422
V
44
N
43
53
35
D
0.00203
0.4678
0.00368
0
0.37074
0.076
0.07975
V
49
N
D
0.145
0.21113
0
0.42386
0.22001
V
53
N
44
D
0.78512
0
0
0
0.21488
