i_28_1_18_FR_lgt101d
18
lgt101d
A
0
13
15
14
V
13
N
14
24
D
0.02935
0.03408
0.0051
0.09853
0.0423
0.74898
0.04166
V
14
N
15
13
25
D
0.13995
0
0
0
0.17546
0
0.68459
V
15
N
16
14
26
D
0.04519
0.06299
0
0
0.25195
0.60422
0.03565
V
16
N
17
15
27
D
0.28951
0
0.7036
0
0.00689
V
17
N
18
16
28
D
0.0014
0.04815
0.00231
0.00179
0.00181
0.94454
V
18
N
19
17
29
D
0.26776
0
0.06749
0
0
0.35321
0.31154
V
19
N
20
18
30
D
0.14712
0.30347
0
0.44565
0
0.07973
0.02403
V
20
N
21
19
31
D
0.00029
0.01768
0
0
0
0
0.98203
V
21
N
22
20
D
0.08974
0
0.08456
0.60516
0.00249
0
0.21805
V
22
N
21
D
0.891
0.00293
0.00808
0
0
0.09799
V
24
N
25
13
D
0.64762
0.33483
0.01755
V
25
N
26
24
36
14
D
0.25742
0.70392
0
0
0.01957
0
0.01909
V
26
N
27
25
15
D
0.02363
0
0.05498
0
0
0.92139
V
27
N
28
26
38
16
D
0.0379
0
0.0254
0.00619
0.26236
0
0.66815
V
28
N
29
27
39
17
D
0.21688
0
0
0
0.78312
V
29
N
30
28
18
D
0.27764
0.72236
V
30
N
31
29
19
D
0.8027
0.07215
0.0862
0
0.0048
0.03415
V
31
N
30
20
D
0.03147
0
0
0
0.35161
0
0.61692
V
36
N
25
D
0.56505
0.2741
0
0
0.16085
V
38
N
39
27
D
0.14385
0.73685
0
0
0
0.1193
V
39
N
38
28
D
0.0658
0.08486
0.04019
0
0.40441
0.40474
V
51
N
62
D
0.02104
0
0
0.92585
0
0.04239
0.01072
V
53
N
D
0.3941
0
0
0
0
0.6059
V
57
N
58
D
0.41631
0.58369
V
58
N
57
D
0.07033
0.03389
0.00528
0
0
0.8905
V
61
N
62
D
0.00051
0
0
0.77503
0.00011
0.00975
0.2146
V
62
N
63
61
51
D
0.0168
0.13328
0
0
0.51346
0.07116
0.2653
V
63
N
62
D
0.07428
0.05947
0
0.00968
0.46047
0.05925
0.33685
