i_9_1_12_FR_lak110d
12
lak110d
A
0
12
6
6
V
12
N
D
0.53323
0.0015
0.02762
0.00319
0
0.33298
0.10148
V
18
N
25
D
0.34147
0.02433
0
0.55473
0
0
0.07947
V
23
N
24
D
0.90865
0
0
0.09135
V
24
N
25
23
D
0.75876
0.13962
0.02729
0
0
0.07433
V
25
N
26
24
18
D
0.2968
0
0.17286
0.53034
V
26
N
27
25
D
0.8753
0
0.02925
0
0.06016
0
0.03529
V
27
N
28
26
D
0.02475
0
0
0.70428
0.10159
0.10655
0.06283
V
28
N
27
35
D
0.21439
0.32609
0.01795
0.28964
0
0
0.15193
V
35
N
28
D
0.24144
0.50994
0
0
0.22929
0.00404
0.01529
