i_11_2_12_FR_X
12
X
A
0
1
12
3
A
1
1
12
3
V
1
N
2
D
0.0616
0.0134
0.0139
0.0385
0
0.8726
V
2
N
3
1
D
0.0072
0
0.0046
0.0212
0.146
0.821
V
3
N
4
2
D
0.8519
0.1481
V
4
N
5
3
D
0.5448
0.0798
0
0
0
0
0.3754
V
5
N
6
4
D
0.0003
0.001
0.0666
0.5072
0.0687
0.0565
0.2997
V
6
N
7
5
D
0.6236
0
0.1749
0
0.2015
V
7
N
8
6
D
0.0866
0
0.6677
0.0052
0.0484
0.058
0.1341
V
8
N
9
7
D
0.0176
0.0097
0
0.9444
0
0
0.0283
V
9
N
10
8
D
0.8831
0
0
0.1169
V
10
N
11
9
D
0.2853
0.0722
0
0.0024
0.005
0.635
0.0001
V
11
N
10
D
0.2365
0
0.1265
0.0417
0.5953
