i_12_2_9_FR_X
9
X
A
0
1
4
9
A
1
1
5
4
V
1
N
2
D
0.0104
0.4309
0.3165
0
0
0
0.2422
V
2
N
3
1
D
0.1068
0.0535
0.0675
0.4056
0.0097
0
0.3569
V
3
N
4
2
D
0.001
0.0028
0.2188
0.0522
0.0395
0.6495
0.0362
V
4
N
5
3
D
0.0011
0
0
0.0241
0
0.9716
0.0032
V
5
N
6
4
D
0.084
0
0.8505
0.064
0
0
0.0015
V
6
N
7
5
D
0.7135
0.2865
V
7
N
8
6
D
0.6917
0.1781
0.1302
V
8
N
9
7
D
0.2369
0
0
0
0
0.7631
V
9
N
10
8
D
0.4776
0
0.0169
0.0687
0.0247
0.4121
V
10
N
11
9
D
0.2008
0
0.3029
0.0366
0
0.4597
V
11
N
12
10
D
0.115
0
0.6589
0.1474
0
0.0787
V
12
N
11
D
0.4656
0.0133
0
0.0358
0.0058
0.4795
