i_13_1_14_FR_X
14
X
A
0
1
8
11
V
1
N
2
D
0.3385
0
0
0.5275
0
0.134
V
2
N
3
1
D
0.0274
0.0202
0
0
0
0
0.9524
V
3
N
4
2
D
0.0106
0.2101
0
0.0384
0.7409
V
4
N
5
3
D
0.8777
0
0
0.0666
0
0
0.0557
V
5
N
6
4
D
0.0335
0.5883
0.3369
0
0
0.0413
V
6
N
7
5
D
0.3798
0.2789
0.1795
0
0.0198
0.142
V
7
N
8
6
D
0.6149
0.0893
0.0255
0.1678
0.1025
V
8
N
9
7
D
0.0946
0
0.562
0.2975
0
0.0459
V
9
N
10
8
D
0.0053
0
0
0.3353
0.1317
0.5277
V
10
N
11
9
D
0.2807
0
0.6557
0
0
0.0368
0.0268
V
11
N
12
10
D
0.0899
0
0.008
0.1537
0.0266
0.6664
0.0554
V
12
N
13
11
D
0.6778
0.1472
0.175
V
13
N
12
D
0.1122
0.0787
0.4071
0.09
0.2243
0.0877
