i_13_2_7_FR_X
7
X
A
0
1
6
6
A
1
1
7
3
V
1
N
2
D
0.0757
0
0
0.3269
0
0
0.5974
V
2
N
3
1
D
0.1385
0
0.6147
0
0
0
0.2468
V
3
N
4
2
D
0.0108
0.9387
0
0
0.0418
0.0079
0.0008
V
4
N
5
3
D
0.0937
0
0.8792
0
0
0
0.0271
V
5
N
6
4
D
0.0228
0
0
0
0.7522
0.2242
0.0008
V
6
N
7
5
D
0.5595
0.33
0
0.0929
0
0
0.0176
V
7
N
8
6
D
0.7169
0
0
0.2442
0
0.0389
V
8
N
9
7
D
0.5271
0
0
0.4729
V
9
N
10
8
D
0.6207
0.0579
0
0.0276
0.0299
0
0.2639
V
10
N
11
9
D
0.2242
0.2774
0.1166
0.1214
0
0.2604
V
11
N
12
10
D
0.597
0.1281
0.1423
0
0.0836
0.0143
0.0347
V
12
N
13
11
D
0.0593
0
0.4765
0.0706
0.1923
0.1059
0.0954
V
13
N
12
D
0.0188
0.003
0
0.5306
0.0048
0
0.4428
