i_14_2_8_FR_X
8
X
A
0
1
5
5
A
1
1
7
8
V
1
N
2
D
0.3021
0
0.2119
0.2939
0
0.0319
0.1602
V
2
N
3
1
D
0.7774
0.2226
V
3
N
4
2
D
0.2067
0
0
0
0
0.7933
V
4
N
5
3
D
0.6117
0
0.1223
0
0
0
0.266
V
5
N
6
4
D
0.4497
0
0.5503
V
6
N
7
5
D
0.016
0
0.6732
0.2116
0.0992
V
7
N
8
6
D
0.0877
0.3804
0.1975
0.3344
V
8
N
9
7
D
0.0103
0
0.0015
0.0013
0
0.0896
0.8973
V
9
N
10
8
D
0.665
0
0.335
V
10
N
11
9
D
0.0121
0.7725
0
0
0
0.0459
0.1695
V
11
N
12
10
D
0.0361
0.0745
0
0.1369
0.0288
0.7237
V
12
N
13
11
D
0.1271
0
0
0
0
0.8729
V
13
N
14
12
D
0.5859
0.1935
0
0.1155
0.0361
0.0135
0.0555
V
14
N
13
D
0.9769
0
0
0
0
0.0231
