i_14_1_8_FR_X
8
X
A
0
1
7
7
V
1
N
2
3
D
0.1637
0.1025
0.0047
0
0.6751
0
0.054
V
2
N
1
4
D
0.0036
0.0126
0.076
0.8973
0.0105
V
3
N
4
5
1
D
0.4463
0.5537
V
4
N
3
6
2
D
0.4892
0.1609
0.1044
0
0
0.2455
V
5
N
6
7
3
D
0.7463
0
0
0
0.2537
V
6
N
5
8
4
D
0.2477
0.7523
V
7
N
8
9
5
D
0.3498
0.0726
0
0
0
0
0.5776
V
8
N
7
10
6
D
0.2504
0
0
0
0
0.7496
V
9
N
10
11
7
D
0.6761
0
0.208
0
0.1057
0.0102
V
10
N
9
12
8
D
0.4369
0
0.0137
0.2735
0
0.2296
0.0463
V
11
N
12
13
9
D
0.1143
0
0.0662
0
0.0924
0.0899
0.6372
V
12
N
11
14
10
D
0.5886
0.0608
0.1343
0
0.0452
0.1711
V
13
N
14
11
D
0.5044
0.0074
0.3346
0
0.153
0
0.0006
V
14
N
13
12
D
0.3097
0.0181
0.2489
0.2844
0
0
0.1389
