i_14_2_9_FR_X
9
X
A
0
1
7
6
A
1
1
7
7
V
1
N
2
D
0.2053
0.652
0
0
0.1393
0.0034
V
2
N
3
1
D
0.1488
0.3855
0
0.4657
V
3
N
4
2
D
0.6895
0
0.3105
V
4
N
5
3
D
0.8167
0
0
0.0473
0.136
V
5
N
6
4
D
0.7801
0.0027
0
0
0.1841
0.0331
V
6
N
7
5
D
0.1011
0
0.7382
0
0.009
0.1517
V
7
N
8
6
D
0.4753
0.028
0.0687
0
0.4136
0
0.0144
V
8
N
9
7
D
0.7761
0
0
0
0.153
0
0.0709
V
9
N
10
8
D
0.9365
0
0
0
0
0
0.0635
V
10
N
11
9
D
0.7619
0
0
0
0
0.2381
V
11
N
12
10
D
0.1457
0
0
0.8543
V
12
N
13
11
D
0.0026
0.0139
0.8248
0
0.016
0
0.1427
V
13
N
14
12
D
0.769
0
0
0
0
0
0.231
V
14
N
13
D
0.1076
0.1397
0.0973
0.3888
0.2666
