i_15_1_16_FR_X
16
X
A
0
1
14
3
V
1
N
2
D
0.6961
0.0645
0.0375
0
0.021
0.1809
V
2
N
3
1
D
0.0812
0
0.0146
0.3803
0
0.5129
0.011
V
3
N
4
2
D
0.1201
0.7633
0
0
0
0.0102
0.1064
V
4
N
5
3
D
0.1595
0.2184
0
0
0.6221
V
5
N
6
4
D
0.4857
0
0
0.0218
0
0.0114
0.4811
V
6
N
7
5
D
0.3309
0.5538
0
0
0
0.1153
V
7
N
8
6
D
0.6521
0.2805
0
0.0674
V
8
N
9
7
D
0.2756
0.0225
0.5951
0.0649
0.0419
V
9
N
10
8
D
0.0644
0.7485
0.0418
0
0
0.1453
V
10
N
11
9
D
0.1171
0
0
0.8829
V
11
N
12
10
D
0.0239
0.1018
0.0385
0
0.5191
0
0.3167
V
12
N
13
11
D
0.0742
0
0.103
0
0.0459
0.4713
0.3056
V
13
N
14
12
D
0.4144
0.5124
0.0123
0
0
0.0581
0.0028
V
14
N
15
13
D
0.4381
0.1325
0.0746
0
0
0.2049
0.1499
V
15
N
14
D
0.5382
0
0
0.3357
0.0022
0
0.1239
