i_15_2_11_FR_X
11
X
A
0
1
11
5
A
1
1
6
8
V
1
N
2
6
D
0.2907
0.0477
0
0.447
0
0.0269
0.1877
V
2
N
3
1
7
D
0.0879
0.0038
0
0.003
0.7229
0
0.1824
V
3
N
4
2
8
D
0.5209
0
0.1347
0
0.2566
0
0.0878
V
4
N
5
3
9
D
0.2864
0
0
0
0
0.251
0.4626
V
5
N
4
10
D
0.1317
0
0
0.1006
0
0.7677
V
6
N
7
11
1
D
0.7448
0
0
0
0.17
0.0852
V
7
N
8
6
12
2
D
0.2412
0
0.6352
0.1236
V
8
N
9
7
13
3
D
0.2411
0.1366
0
0
0.559
0.0633
V
9
N
10
8
14
4
D
0.5413
0.0965
0
0
0.3622
V
10
N
9
15
5
D
0.1177
0.7663
0
0.116
V
11
N
12
6
D
0.8959
0.0649
0
0
0
0
0.0392
V
12
N
13
11
7
D
0.7897
0
0.037
0.0153
0.0011
0.1569
V
13
N
14
12
8
D
0.1067
0
0
0.0963
0
0
0.797
V
14
N
15
13
9
D
0.088
0
0.0181
0.8913
0
0
0.0026
V
15
N
14
10
D
0.0128
0.0869
0.9003
