i_16_1_10_FR_X
10
X
A
0
1
6
3
V
1
N
2
5
D
0.0103
0.0169
0.0014
0
0.05
0.1104
0.811
V
2
N
3
1
6
D
0.3696
0
0.0056
0.5789
0
0
0.0459
V
3
N
4
2
7
D
0.0282
0
0.0599
0.0057
0
0.2269
0.6793
V
4
N
3
8
D
0.1612
0
0.2154
0
0
0.6234
V
5
N
6
9
1
D
0.227
0
0
0
0.0494
0.7236
V
6
N
7
5
10
2
D
0.1337
0
0
0
0.3242
0.5421
V
7
N
8
6
11
3
D
0.2099
0
0.4834
0.018
0.2493
0.0394
V
8
N
7
12
4
D
0.0555
0.0029
0.1921
0.562
0
0
0.1875
V
9
N
10
13
5
D
0.61
0
0
0.0877
0.3023
V
10
N
11
9
14
6
D
0.244
0.0236
0.1171
0.0906
0.31
0
0.2147
V
11
N
12
10
15
7
D
0.0058
0.0083
0
0
0.9808
0.0051
V
12
N
11
16
8
D
0.0105
0.0197
0.1712
0.7958
0
0.0028
V
13
N
14
9
D
0.5398
0
0.1465
0
0.252
0.0617
V
14
N
15
13
10
D
0.7571
0
0
0.1529
0
0.09
V
15
N
16
14
11
D
0.0524
0.0902
0.1807
0.6397
0.037
V
16
N
15
12
D
0.0003
0.0234
0.5246
0.2277
0.2023
0
0.0217
