i_17_1_18_FR_X
18
X
A
0
1
12
8
V
1
N
2
D
0.8711
0
0.1289
V
2
N
3
1
D
0.2585
0
0.5311
0
0.1763
0.0341
V
3
N
4
2
D
0.1679
0.1013
0
0.0309
0.3975
0.295
0.0074
V
4
N
5
3
D
0.3281
0.6719
V
5
N
6
4
D
0.8348
0
0
0.1652
V
6
N
7
5
D
0.1127
0
0.2247
0.0543
0
0.6083
V
7
N
8
6
D
0.0072
0.0052
0.0184
0.7327
0
0.091
0.1455
V
8
N
9
7
D
0.2215
0.5601
0
0.2184
V
9
N
10
8
D
0.3172
0
0.3898
0.0936
0.1912
0
0.0082
V
10
N
11
9
D
0.9508
0.0492
V
11
N
12
10
D
0.3578
0.3028
0.3394
V
12
N
13
11
D
0.0234
0.8821
0
0
0.0945
V
13
N
14
12
D
0.4005
0
0.5995
V
14
N
15
13
D
0.0668
0.0744
0.064
0
0.5003
0
0.2945
V
15
N
16
14
D
0.1723
0.814
0
0
0.0137
V
16
N
17
15
D
0.1378
0
0.1047
0.0046
0
0.007
0.7459
V
17
N
16
D
0.3173
0
0.1492
0.1035
0.2438
0.1147
0.0715
