i_18_1_12_FR_X
12
X
A
0
1
12
3
V
1
N
2
3
D
0.1332
0
0
0.2458
0
0.621
V
2
N
1
4
D
0.0199
0.0332
0
0.0071
0.8833
0
0.0565
V
3
N
4
5
1
D
0.7396
0.2604
V
4
N
3
6
2
D
0.2091
0
0
0.3424
0.0459
0
0.4026
V
5
N
6
7
3
D
0.2202
0
0.7736
0
0
0.0062
V
6
N
5
8
4
D
0.0227
0.0484
0.0043
0.9065
0.0181
V
7
N
8
9
5
D
0.0169
0.4462
0
0
0.098
0
0.4389
V
8
N
7
10
6
D
0.086
0
0
0.1249
0.0114
0.7351
0.0426
V
9
N
10
11
7
D
0.1165
0
0.8357
0.0478
V
10
N
9
12
8
D
0.1025
0
0.057
0.0661
0.5217
0.1884
0.0643
V
11
N
12
13
9
D
0.0392
0.1529
0.1236
0
0.199
0.4853
V
12
N
11
14
10
D
0.1045
0.1718
0
0
0.1863
0.4899
0.0475
V
13
N
14
15
11
D
0.4872
0
0
0.1166
0.2126
0
0.1836
V
14
N
13
16
12
D
0.0944
0.0372
0.8534
0
0.015
V
15
N
16
17
13
D
0.1801
0.0822
0.0692
0.162
0.0013
0
0.5052
V
16
N
15
18
14
D
0.3573
0
0.3543
0.2696
0
0.0188
V
17
N
18
15
D
0.4284
0.004
0.0009
0.5003
0
0
0.0664
V
18
N
17
16
D
0.058
0
0
0.0192
0.0637
0
0.8591
