i_19_1_10_AG01_X
10
X
A
0
1
10
8
V
1
N
2
11
D
1
V
2
N
3
1
D
0
1
V
3
N
4
2
D
0
1
V
4
N
5
3
D
0
1
V
5
N
6
4
D
0
1
V
6
N
7
5
D
0
1
V
7
N
8
6
D
0
1
V
8
N
9
7
D
0
1
V
9
N
10
8
D
0
1
V
10
N
9
D
0
1
V
11
N
21
1
D
1
V
21
N
31
11
D
1
V
31
N
41
21
D
1
V
41
N
51
31
D
1
V
51
N
61
41
D
1
V
61
N
71
51
D
1
V
71
N
81
61
D
1
V
81
N
91
71
D
1
V
91
N
81
D
0.9
0
0
0
0
0
0
0
0
0
0
0
0
0
0
0
0
0
0
0
0
0
0
0
0
0
0
0
0
0
0
0
0
0
0
0
0
0
0
0
0
0
0
0
0
0
0
0
0
0
0
0
0
0
0
0
0
0
0
0
0
0
0
0
0
0
0
0
0
0
0
0
0
0
0
0
0
0
0
0
0
0
0
0
0
0
0
0
0
0
0
0
0
0
0
0
0
0
0
0
0.1
