i_20_1_22_FR_X
22
X
A
0
1
15
7
V
1
N
2
6
D
0.1138
0
0.7956
0
0.0906
V
2
N
3
1
7
D
0.3482
0.0661
0.0321
0
0.5428
0
0.0108
V
3
N
4
2
8
D
0.578
0.0043
0
0.097
0.3207
V
4
N
5
3
9
D
0.2979
0
0
0
0
0.7021
V
5
N
4
10
D
0.09
0.0626
0
0.8278
0
0
0.0196
V
6
N
7
11
1
D
0.1182
0.0015
0.3118
0.0361
0
0.0234
0.509
V
7
N
8
6
12
2
D
0.0686
0.0657
0.4414
0.0707
0.3385
0.0151
V
8
N
9
7
13
3
D
0.2123
0.7877
V
9
N
10
8
14
4
D
0.5482
0
0
0.2743
0.0152
0.0427
0.1196
V
10
N
9
15
5
D
0.0187
0.0066
0.328
0.3309
0
0.3101
0.0057
V
11
N
12
16
6
D
0.6241
0
0
0
0.1379
0.238
V
12
N
13
11
17
7
D
0.0001
0.0001
0
0.0002
0
0.0104
0.9892
V
13
N
14
12
18
8
D
0.2912
0.2218
0
0
0.1554
0.0142
0.3174
V
14
N
15
13
19
9
D
0.2754
0
0
0
0.3083
0.0835
0.3328
V
15
N
14
20
10
D
0.7803
0
0.1445
0
0
0.0752
V
16
N
17
11
D
0.1853
0.5421
0
0
0
0
0.2726
V
17
N
18
16
12
D
0.4205
0.0013
0.0138
0
0.0297
0.2402
0.2945
V
18
N
19
17
13
D
0.4063
0
0.5937
V
19
N
20
18
14
D
0.5444
0.0053
0.3022
0
0
0
0.1481
V
20
N
19
15
D
0.4421
0
0
0.2771
0.2808
