i_20_1_14_FR_X
14
X
A
0
1
13
3
V
1
N
2
5
D
0.3791
0
0
0
0
0.6209
V
2
N
3
1
6
D
0.1843
0.0029
0.0008
0.1485
0
0
0.6635
V
3
N
4
2
7
D
0.4555
0
0.1114
0.0036
0.3333
0.0778
0.0184
V
4
N
3
8
D
0.0786
0
0.5628
0
0.3586
V
5
N
6
9
1
D
0.1239
0.1028
0.0341
0
0
0.7078
0.0314
V
6
N
7
5
10
2
D
0.3366
0
0
0.3523
0.168
0.1431
V
7
N
8
6
11
3
D
0.0001
0.9887
0
0.0024
0
0
0.0088
V
8
N
7
12
4
D
0.4619
0.4745
0
0
0.062
0
0.0016
V
9
N
10
13
5
D
0.5602
0.3089
0.1021
0
0.0031
0.0161
0.0096
V
10
N
11
9
14
6
D
0.3403
0.0003
0
0.0147
0.0322
0.6125
V
11
N
12
10
15
7
D
0.7232
0
0
0
0
0.2768
V
12
N
11
16
8
D
0.1504
0
0.0323
0.1853
0
0.2051
0.4269
V
13
N
14
17
9
D
0.1464
0.6896
0.1143
0
0
0.0497
V
14
N
15
13
18
10
D
0.6025
0.3975
V
15
N
16
14
19
11
D
0.3238
0
0.1115
0
0.5647
V
16
N
15
20
12
D
0.7265
0
0.0191
0
0
0.2539
0.0005
V
17
N
18
13
D
0.9935
0.001
0.0046
0.0009
V
18
N
19
17
14
D
0.0208
0.1692
0
0.7837
0
0.0024
0.0239
V
19
N
20
18
15
D
0.0003
0
0.5567
0.0001
0.4429
V
20
N
19
16
D
0.5287
0
0.4363
0
0
0
0.035
