i_24_1_16_FR_X
16
X
A
0
1
8
5
V
1
N
2
7
D
0.0099
0
0
0.0502
0
0
0.9399
V
2
N
3
1
8
D
0.3059
0
0.2988
0
0
0.3953
V
3
N
4
2
9
D
0.2784
0.0243
0
0.0849
0
0.018
0.5944
V
4
N
5
3
10
D
0.9491
0
0
0.0063
0
0
0.0446
V
5
N
6
4
11
D
0.8014
0.0041
0
0.0016
0.1908
0
0.0021
V
6
N
5
12
D
0.0863
0
0.396
0.0255
0.3039
0.1883
V
7
N
8
13
1
D
0.0068
0.9847
0.0005
0
0
0
0.008
V
8
N
9
7
14
2
D
0.6452
0.3119
0
0
0.0398
0.0031
V
9
N
10
8
15
3
D
0.0126
0
0.5961
0.3901
0
0.0009
0.0003
V
10
N
11
9
16
4
D
0.1475
0.1196
0
0.5583
0
0.1746
V
11
N
12
10
17
5
D
0.8221
0.1779
V
12
N
11
18
6
D
0.0469
0
0
0.8942
0
0.0589
V
13
N
14
19
7
D
0.0642
0
0
0
0
0.4315
0.5043
V
14
N
15
13
20
8
D
0.0045
0
0.0155
0.9773
0
0.0027
V
15
N
16
14
21
9
D
0.4559
0
0.3558
0
0.023
0.0102
0.1551
V
16
N
17
15
22
10
D
0.512
0
0
0.1753
0
0.3127
V
17
N
18
16
23
11
D
0.0148
0.4992
0
0.3931
0.0314
0.0323
0.0292
V
18
N
17
24
12
D
0.0065
0.0225
0
0
0.9668
0
0.0042
V
19
N
20
13
D
0.0553
0
0
0.6268
0.1538
0.0581
0.106
V
20
N
21
19
14
D
0.6253
0.3747
V
21
N
22
20
15
D
0.0065
0
0
0
0.1322
0.0288
0.8325
V
22
N
23
21
16
D
0.1818
0.6706
0.0165
0
0.1311
V
23
N
24
22
17
D
0.4685
0.1799
0
0
0.3516
V
24
N
23
18
D
0.6831
0.0029
0.306
0.0002
0
0
0.0078
