i_24_1_18_FR_X
18
X
A
0
1
16
3
V
1
N
2
9
D
0.4946
0.2365
0.0202
0.0397
0.209
V
2
N
3
1
10
D
0.5623
0.1907
0
0
0.0334
0.0016
0.212
V
3
N
4
2
11
D
0.55
0
0
0.4035
0
0
0.0465
V
4
N
5
3
12
D
0.4855
0.0553
0
0
0
0
0.4592
V
5
N
6
4
13
D
0.2152
0
0.4233
0.2942
0.0528
0.0145
V
6
N
7
5
14
D
0.2532
0.0311
0
0
0.5722
0.0014
0.1421
V
7
N
8
6
15
D
0.0392
0
0
0.0131
0.0199
0.9278
V
8
N
7
16
D
0.141
0.0359
0
0
0.2913
0.4096
0.1222
V
9
N
10
17
1
D
0.2111
0
0
0
0
0.7889
V
10
N
11
9
18
2
D
0.2198
0.7802
V
11
N
12
10
19
3
D
0.1341
0
0.2464
0.0666
0.2524
0.3005
V
12
N
13
11
20
4
D
0.0642
0.0111
0.0212
0
0.9035
V
13
N
14
12
21
5
D
0.2034
0.7387
0.0502
0
0
0
0.0077
V
14
N
15
13
22
6
D
0.9122
0
0
0
0
0.0878
V
15
N
16
14
23
7
D
0.4676
0.0648
0
0
0.3683
0.0993
V
16
N
15
24
8
D
0.284
0
0
0.7149
0
0.0011
V
17
N
18
9
D
0.0213
0
0
0.2495
0
0.6166
0.1126
V
18
N
19
17
10
D
0.0059
0.0018
0.0015
0.914
0.0625
0.0143
V
19
N
20
18
11
D
0.8447
0.1553
V
20
N
21
19
12
D
0.9345
0
0
0
0
0.0655
V
21
N
22
20
13
D
0.1922
0
0
0.2889
0.5189
V
22
N
23
21
14
D
0.1282
0.0845
0.0784
0
0
0.5555
0.1534
V
23
N
24
22
15
D
0.9158
0
0.0842
V
24
N
23
16
D
0.9832
0
0
0
0
0.0168
