i_30_1_22_FR_X
22
X
A
0
1
13
15
V
1
N
2
4
D
0.1018
0
0
0.8982
V
2
N
3
1
5
D
0.1624
0
0.7086
0.01
0.0723
0.0467
V
3
N
2
6
D
0.7349
0
0.1177
0
0.1133
0.0087
0.0254
V
4
N
5
7
1
D
0.0055
0.8701
0
0.0711
0.0256
0.0155
0.0122
V
5
N
6
4
8
2
D
0.8745
0.0326
0
0
0.0929
V
6
N
5
9
3
D
0.4481
0
0.447
0.1049
V
7
N
8
10
4
D
0.2406
0
0.1041
0
0.0169
0.1829
0.4555
V
8
N
9
7
11
5
D
0.66
0
0
0
0.0112
0
0.3288
V
9
N
8
12
6
D
0.0409
0
0.072
0
0.0834
0.6023
0.2014
V
10
N
11
13
7
D
0.0377
0
0
0.7428
0.2195
V
11
N
12
10
14
8
D
0.3359
0
0
0
0
0.6641
V
12
N
11
15
9
D
0.1548
0
0.0017
0
0
0.8193
0.0242
V
13
N
14
16
10
D
0.6265
0
0
0
0.2418
0.1317
V
14
N
15
13
17
11
D
0.0343
0.0931
0.0083
0
0
0
0.8643
V
15
N
14
18
12
D
0.6299
0.3701
V
16
N
17
19
13
D
0.5168
0.1245
0
0.015
0.0254
0.2141
0.1042
V
17
N
18
16
20
14
D
0.3359
0
0.6641
V
18
N
17
21
15
D
0.9743
0.0257
V
19
N
20
22
16
D
0.708
0.292
V
20
N
21
19
23
17
D
0.2352
0
0
0
0.7648
V
21
N
20
24
18
D
0.3996
0
0.2106
0.3898
V
22
N
23
25
19
D
0.4683
0
0.1531
0.0179
0
0.0811
0.2796
V
23
N
24
22
26
20
D
0.1777
0.0994
0
0.5417
0.0242
0.0055
0.1515
V
24
N
23
27
21
D
0.4744
0.5256
V
25
N
26
28
22
D
0.006
0.1643
0
0.538
0.0376
0
0.2541
V
26
N
27
25
29
23
D
0.4618
0.3868
0.0006
0.0002
0.0021
0.1485
V
27
N
26
30
24
D
0.0157
0
0.2786
0
0.4495
0
0.2562
V
28
N
29
25
D
0.2032
0
0
0.7968
V
29
N
30
28
26
D
0.7261
0
0
0.2033
0.0706
V
30
N
29
27
D
0.5889
0.0812
0.1445
0
0
0.0034
0.182
