i_33_1_24_FR_X
24
X
A
0
1
22
15
V
1
N
2
12
D
0.0077
0
0
0.9813
0
0.011
V
2
N
3
1
13
D
0.0632
0
0.1314
0.1131
0.0796
0.2039
0.4088
V
3
N
4
2
14
D
0.3619
0.2961
0.1771
0
0.0889
0.076
V
4
N
5
3
15
D
0.1302
0
0
0
0.1396
0.7302
V
5
N
6
4
16
D
0.0096
0
0
0.0892
0.7426
0.1579
0.0007
V
6
N
7
5
17
D
0.1373
0
0.7104
0.1523
V
7
N
8
6
18
D
0.0444
0.0154
0
0
0.8934
0
0.0468
V
8
N
9
7
19
D
0.8973
0
0
0.0319
0.0708
V
9
N
10
8
20
D
0.3208
0.0048
0
0.6519
0.0225
V
10
N
11
9
21
D
0.0603
0
0.8226
0
0.0889
0
0.0282
V
11
N
10
22
D
0.0611
0
0.7296
0.2093
V
12
N
13
23
1
D
0.306
0.11
0
0.584
V
13
N
14
12
24
2
D
0.1678
0
0
0
0.7728
0.0594
V
14
N
15
13
25
3
D
0.0147
0.8822
0.0795
0
0
0
0.0236
V
15
N
16
14
26
4
D
0.2534
0.0718
0.2414
0.4334
V
16
N
17
15
27
5
D
0.0012
0.019
0.8565
0.0041
0.0033
0
0.1159
V
17
N
18
16
28
6
D
0.4037
0.4022
0
0
0.013
0.1811
V
18
N
19
17
29
7
D
0.4693
0.21
0
0
0.3207
V
19
N
20
18
30
8
D
0.3517
0
0
0.1057
0
0.5426
V
20
N
21
19
31
9
D
0.018
0.9774
0
0.0001
0.0007
0
0.0038
V
21
N
22
20
32
10
D
0.4256
0
0.5209
0
0
0.0535
V
22
N
21
33
11
D
0.1949
0.012
0.7296
0
0
0.0023
0.0612
V
23
N
24
12
D
0.1968
0
0
0
0
0.8032
V
24
N
25
23
13
D
0.5985
0.1221
0
0
0.1536
0.1258
V
25
N
26
24
14
D
0.1246
0
0.1482
0.2413
0.0776
0.4083
V
26
N
27
25
15
D
0.1967
0
0.8033
V
27
N
28
26
16
D
0.2064
0
0
0.1889
0.6047
V
28
N
29
27
17
D
0.0128
0
0.0984
0.0486
0.0348
0.8054
V
29
N
30
28
18
D
0.6976
0.2054
0.0876
0
0.0054
0
0.004
V
30
N
31
29
19
D
0.7999
0
0
0.1833
0.0168
V
31
N
32
30
20
D
0.2618
0
0.2562
0.482
V
32
N
33
31
21
D
0.3631
0
0
0.6369
V
33
N
32
22
D
0.2327
0.6408
0.1265
