i_34_1_24_FR_X
24
X
A
0
1
13
23
V
1
N
2
3
D
0.2757
0.1424
0
0.506
0.0759
V
2
N
1
4
D
0.6629
0.0268
0
0
0
0.3103
V
3
N
4
5
1
D
0.143
0
0.0126
0.7866
0.0275
0
0.0303
V
4
N
3
6
2
D
0.0018
0
0.0234
0.0336
0
0.9194
0.0218
V
5
N
6
7
3
D
0.0738
0.2132
0.012
0.1072
0
0.0677
0.5261
V
6
N
5
8
4
D
0.5723
0
0
0
0.0156
0.4121
V
7
N
8
9
5
D
0.2112
0.3585
0
0
0.2442
0
0.1861
V
8
N
7
10
6
D
0.572
0
0
0.428
V
9
N
10
11
7
D
0.0724
0.0391
0.0016
0.7066
0
0
0.1803
V
10
N
9
12
8
D
0.6025
0
0.1252
0.2698
0.0017
0
0.0008
V
11
N
12
13
9
D
0.1098
0.701
0
0
0.1892
V
12
N
11
14
10
D
0.4352
0.4638
0
0
0
0.101
V
13
N
14
15
11
D
0.9874
0
0
0
0.0126
V
14
N
13
16
12
D
0.5277
0
0.2716
0.0007
0
0.2
V
15
N
16
17
13
D
0.3787
0
0
0.047
0
0.5743
V
16
N
15
18
14
D
0.5921
0
0.092
0
0.2459
0.07
V
17
N
18
19
15
D
0.0098
0
0.6027
0
0
0
0.3875
V
18
N
17
20
16
D
0.2894
0.0475
0
0.2232
0.4192
0
0.0207
V
19
N
20
21
17
D
0.5024
0.0436
0.0968
0.2655
0.0917
V
20
N
19
22
18
D
0.0023
0.1438
0
0.6872
0.0143
0.0129
0.1395
V
21
N
22
23
19
D
0.4345
0.1043
0
0.4612
V
22
N
21
24
20
D
0.2254
0
0
0.0387
0
0.5173
0.2186
V
23
N
24
25
21
D
0.5279
0
0
0.248
0.2241
V
24
N
23
26
22
D
0.7867
0
0.2133
V
25
N
26
27
23
D
0.103
0.0425
0.0178
0.5033
0
0.3334
V
26
N
25
28
24
D
0.0382
0.1138
0.8136
0.0032
0
0
0.0312
V
27
N
28
29
25
D
0.2043
0
0.1702
0
0.1113
0
0.5142
V
28
N
27
30
26
D
0.1724
0.8276
V
29
N
30
31
27
D
0.9629
0.0219
0.0121
0.001
0
0.0021
V
30
N
29
32
28
D
0.4051
0
0.1919
0
0.3054
0.0976
V
31
N
32
33
29
D
0.7176
0
0
0
0.0782
0
0.2042
V
32
N
31
34
30
D
0.3719
0.1046
0.4403
0
0.0832
V
33
N
34
31
D
0.4546
0.0087
0
0
0
0.0801
0.4566
V
34
N
33
32
D
0.0606
0.0005
0
0
0
0.0031
0.9358
