i_38_1_20_FR_X
20
X
A
0
1
10
15
V
1
N
2
20
D
0.8655
0.0424
0
0
0.0723
0.0196
0.0002
V
2
N
3
1
21
D
0.0028
0
0.4005
0
0.3654
0
0.2313
V
3
N
4
2
22
D
0.0226
0
0
0
0.1932
0.6438
0.1404
V
4
N
5
3
23
D
0.9189
0
0
0
0
0.0811
V
5
N
6
4
24
D
0.0323
0.1595
0.0405
0.08
0.6084
0
0.0793
V
6
N
7
5
25
D
0.4561
0
0.5439
V
7
N
8
6
26
D
0.0481
0
0
0.2504
0.7015
V
8
N
9
7
27
D
0.1709
0
0.3694
0
0.3006
0
0.1591
V
9
N
10
8
28
D
0.0172
0
0
0
0.5378
0
0.445
V
10
N
11
9
29
D
0.0235
0.0108
0.0255
0.9271
0.0131
V
11
N
12
10
30
D
0.2067
0.1327
0.2037
0
0
0.0413
0.4156
V
12
N
13
11
31
D
0.0478
0
0
0.9309
0
0
0.0213
V
13
N
14
12
32
D
0.0406
0.8443
0.0002
0.0213
0
0.0
0.0936
V
14
N
15
13
33
D
0.765
0
0
0
0
0
0.235
V
15
N
16
14
34
D
0.1288
0
0
0
0
0.7197
0.1515
V
16
N
17
15
35
D
0.8585
0
0
0.0052
0.0445
0.0284
0.0634
V
17
N
18
16
36
D
0.3864
0
0
0
0.1669
0.4467
V
18
N
19
17
37
D
0.5584
0
0
0.1181
0
0.1372
0.1863
V
19
N
18
38
D
0.0009
0
0
0
0.9046
0
0.0945
V
20
N
21
1
D
0.0027
0.0166
0.012
0.0637
0
0
0.905
V
21
N
22
20
2
D
0.3938
0
0.6062
V
22
N
23
21
3
D
0.1256
0.5452
0
0.3248
0.0044
V
23
N
24
22
4
D
0.0112
0
0.7907
0.0006
0.0076
0
0.1899
V
24
N
25
23
5
D
0.8367
0
0
0
0
0.1633
V
25
N
26
24
6
D
0.1599
0.3626
0.0254
0.0024
0.4064
0.0433
V
26
N
27
25
7
D
0.915
0.0015
0.0662
0
0.0173
V
27
N
28
26
8
D
0.0645
0.3992
0.0085
0.0044
0
0.0241
0.4993
V
28
N
29
27
9
D
0.4899
0.0314
0.0893
0.2876
0.0032
0.0986
V
29
N
30
28
10
D
0.2672
0
0
0
0
0.7328
V
30
N
31
29
11
D
0.1175
0.016
0.0319
0.3884
0
0.2557
0.1905
V
31
N
32
30
12
D
0.1619
0.2243
0.2155
0.3643
0.034
V
32
N
33
31
13
D
0.0048
0.1347
0.0416
0.5511
0.2006
0.0672
V
33
N
34
32
14
D
0.9613
0
0.0004
0.0258
0.0001
0.0122
0.0002
V
34
N
35
33
15
D
0.6989
0
0.2942
0
0
0
0.0069
V
35
N
36
34
16
D
0.0671
0.0203
0.2507
0
0.0352
0
0.6267
V
36
N
37
35
17
D
0.0041
0
0.0313
0.9621
0
0.0025
V
37
N
38
36
18
D
0.0013
0.0019
0
0
0
0.9846
0.0122
V
38
N
37
19
D
0.0003
0.0055
0
0.9942
