i_39_1_20_FR_X
20
X
A
0
1
13
19
V
1
N
2
14
D
0.5879
0
0
0.4121
V
2
N
3
1
15
D
0.0051
0.0005
0
0.0253
0.842
0.1271
V
3
N
4
2
16
D
0.0152
0.013
0
0.8851
0.0501
0.0366
V
4
N
5
3
17
D
0.2012
0
0.2201
0
0
0
0.5787
V
5
N
6
4
18
D
0.0742
0
0
0.0395
0.0082
0
0.8781
V
6
N
7
5
19
D
0.4254
0.5592
0
0
0.0154
V
7
N
8
6
20
D
0.2158
0.0009
0.3303
0.4312
0.0214
0.0004
V
8
N
9
7
21
D
0.0461
0.7304
0.0633
0.0046
0.0695
0.0861
V
9
N
10
8
22
D
0.1841
0.6749
0.0014
0
0.0446
0.095
V
10
N
11
9
23
D
0.3302
0
0
0.2007
0.3474
0.1217
V
11
N
12
10
24
D
0.0521
0.029
0.0156
0.8943
0
0.0015
0.0075
V
12
N
13
11
25
D
0.0096
0
0.0005
0.1009
0.0096
0
0.8794
V
13
N
12
26
D
0.7365
0
0
0.1249
0.1386
V
14
N
15
27
1
D
0.1013
0.235
0
0.6637
V
15
N
16
14
28
2
D
0.6103
0
0
0.3897
V
16
N
17
15
29
3
D
0.0664
0.5109
0.1638
0.03
0
0
0.2289
V
17
N
18
16
30
4
D
0.0987
0.7934
0
0.0093
0
0.0762
0.0224
V
18
N
19
17
31
5
D
0.2721
0
0.6017
0
0.0349
0
0.0913
V
19
N
20
18
32
6
D
0.0837
0.4684
0.0346
0.1659
0.2474
V
20
N
21
19
33
7
D
0.7618
0
0.2382
V
21
N
22
20
34
8
D
0.7866
0
0.0206
0
0.0488
0.0002
0.1438
V
22
N
23
21
35
9
D
0.5583
0.2956
0
0.0261
0
0.12
V
23
N
24
22
36
10
D
0.3194
0
0
0
0
0
0.6806
V
24
N
25
23
37
11
D
0.4784
0.0011
0.001
0
0.2557
0.2638
V
25
N
26
24
38
12
D
0.0792
0
0.1764
0
0.0007
0.4409
0.3028
V
26
N
25
39
13
D
0.7963
0
0
0.1657
0.038
V
27
N
28
14
D
0.0553
0.3324
0.5434
0.018
0.0097
0.0412
V
28
N
29
27
15
D
0.0162
0.0167
0.9434
0.0237
V
29
N
30
28
16
D
0.0125
0
0
0.5773
0.0666
0.0008
0.3428
V
30
N
31
29
17
D
0.0767
0.0005
0.2322
0.2525
0
0.4381
V
31
N
32
30
18
D
0.9618
0
0
0.0382
V
32
N
33
31
19
D
0.4188
0
0
0
0
0
0.5812
V
33
N
34
32
20
D
0.0259
0.2186
0.0214
0.7308
0
0.0033
V
34
N
35
33
21
D
0.0013
0
0
0
0.2062
0.7925
V
35
N
36
34
22
D
0.6643
0
0
0
0
0
0.3357
V
36
N
37
35
23
D
0.5157
0
0
0
0.4843
V
37
N
38
36
24
D
0.0011
0
0
0
0.0318
0.9671
V
38
N
39
37
25
D
0.016
0.0065
0.2194
0
0.7581
V
39
N
38
26
D
0.2359
0
0
0.0075
0.6849
0.0717
